948  1.0
979  1.0
1013  1.0
1045  1.0
1081  1.0
1112  1.0
1147  1.0
1180  1.0
1213  1.0
1253  1.0
1281  1.0
1312  1.0
1348  1.0
1379  1.0
1414  1.0
1451  1.0
1486  1.0
1513  1.0
1545  1.0
1579  1.0
1614  1.0
1652  1.0
1682  1.0
1716  1.0
1745  1.0
1781  1.0
1814  1.0
1847  1.0
1885  1.0
1918  1.0
1945  1.0
1981  1.0
2012  1.0
2045  1.0
2079  1.0
2112  1.0
2146  1.0
2178  1.0
2212  1.0
2248  1.0
2280  1.0
2315  1.0
2347  1.0
2382  1.0
2414  1.0
2445  1.0
2478  1.0
2514  1.0
2550  1.0
2584  1.0
2613  1.0
2646  1.0
2679  1.0
2712  1.0
2747  1.0
2785  1.0
2815  1.0
2846  1.0
2880  3.0
2912  5.0
2948  8.0
2981  9.0
3013  12.0
3053  17.0
3081  19.0
3112  23.0
3146  27.0
3179  29.0
3212  33.0
3246  36.0
3279  40.0
3314  43.0
3347  45.0
3382  48.0
3413  49.0
3446  52.0
3479  54.0
3513  56.0
3548  57.0
3581  58.0
3617  58.0
3645  58.0
3679  59.0
3712  59.0
3748  59.0
3781  58.0
3817  55.0
3846  52.0
3880  49.0
3913  44.0
3946  37.0
3979  31.0
4012  25.0
4046  16.0
4080  8.0
4117  2.0
4148  -1.0
4179  -8.0
4213  -16.0
4245  -23.0
4279  -31.0
4313  -36.0
4345  -40.0
4379  -44.0
4415  -49.0
4447  -53.0
4481  -55.0
4517  -58.0
4546  -60.0
4580  -62.0
4612  -63.0
4648  -64.0
4681  -64.0
4718  -64.0
4746  -64.0
4779  -63.0
4812  -61.0
4845  -57.0
4879  -52.0
4913  -45.0
4948  -40.0
4981  -35.0
5012  -29.0
5045  -23.0
5078  -16.0
5112  -10.0
5145  -2.0
5179  4.0
5215  10.0
5248  16.0
5282  23.0
5312  28.0
5346  33.0
5379  38.0
5413  43.0
5447  47.0
5483  50.0
5514  52.0
5546  54.0
5579  55.0
5613  56.0
5648  56.0
5683  56.0
5716  56.0
5748  56.0
5779  56.0
5813  53.0
5846  49.0
5881  46.0
5920  41.0
5952  35.0
5980  29.0
6018  23.0
6046  16.0
6081  8.0
6112  3.0
6148  -2.0
6179  -9.0
6212  -16.0
6246  -23.0
6278  -30.0
6313  -36.0
6345  -40.0
6378  -43.0
6413  -47.0
6447  -53.0
6481  -56.0
6515  -58.0
6546  -60.0
6579  -62.0
6613  -64.0
6647  -64.0
6683  -65.0
6716  -65.0
6748  -65.0
6779  -65.0
6812  -62.0
6845  -58.0
6880  -53.0
6914  -47.0
6948  -43.0
6982  -39.0
7012  -32.0
7046  -26.0
7079  -19.0
7116  -12.0
7148  -4.0
7184  1.0
7215  7.0
7245  12.0
7279  18.0
7314  25.0
7347  30.0
7382  35.0
7415  40.0
7445  43.0
7479  47.0
7512  49.0
7547  51.0
7583  53.0
7616  53.0
7649  54.0
7679  54.0
7712  54.0
7746  54.0
7780  54.0
7817  52.0
7851  48.0
7882  46.0
7914  42.0
7946  36.0
7979  30.0
8012  25.0
8046  17.0
8079  10.0
8114  4.0
8148  -1.0
8182  -7.0
8213  -13.0
8246  -21.0
8279  -28.0
8313  -35.0
8347  -39.0
8383  -43.0
8416  -47.0
8446  -51.0
8481  -55.0
8516  -57.0
8546  -58.0
8583  -61.0
8614  -62.0
8652  -62.0
8680  -62.0
8712  -62.0
8746  -62.0
8780  -62.0
8815  -60.0
8851  -56.0
8882  -52.0
8916  -47.0
8945  -42.0
8981  -38.0
9018  -32.0
9046  -27.0
9079  -20.0
9116  -13.0
9148  -6.0
9182  3.0
9214  7.0
9246  12.0
9279  17.0
9312  24.0
9348  30.0
9383  35.0
9414  40.0
9446  43.0
9479  47.0
9513  49.0
9545  51.0
9585  53.0
9614  53.0
9647  54.0
9679  54.0
9712  54.0
9746  54.0
9779  54.0
9815  53.0
9848  50.0
9882  47.0
9913  44.0
9945  38.0
9979  32.0
10014  26.0
10047  19.0
10084  11.0
10114  7.0
10146  2.0
10179  -4.0
10212  -11.0
10248  -18.0
10280  -25.0
10314  -31.0
10346  -36.0
10379  -40.0
10412  -43.0
10446  -47.0
10481  -52.0
10516  -54.0
10548  -55.0
10580  -58.0
10613  -59.0
10646  -59.0
10680  -59.0
10716  -59.0
10748  -59.0
10782  -59.0
10813  -58.0
10846  -55.0
10879  -51.0
10913  -46.0
10946  -41.0
10980  -36.0
11013  -32.0
11047  -25.0
11081  -19.0
11115  -12.0
11145  -6.0
11180  2.0
11213  6.0
11246  11.0
11279  17.0
11312  23.0
11346  29.0
11380  34.0
11413  38.0
11446  43.0
11481  46.0
11517  49.0
11548  51.0
11579  52.0
11613  53.0
11646  53.0
11680  53.0
11715  53.0
11748  53.0
11782  53.0
11812  52.0
11846  50.0
11880  47.0
11914  43.0
11948  37.0
11982  31.0
12016  26.0
12046  20.0
12080  13.0
12113  7.0
12146  3.0
12179  -3.0
12213  -10.0
12246  -16.0
12283  -24.0
12318  -30.0
12348  -35.0
12380  -40.0
12413  -42.0
12446  -46.0
12481  -50.0
12515  -53.0
12548  -55.0
12581  -56.0
12613  -58.0
12646  -58.0
12680  -58.0
12715  -58.0
12748  -58.0
12781  -58.0
12813  -58.0
12846  -54.0
12879  -51.0
12914  -46.0
12948  -41.0
12985  -36.0
13015  -31.0
13046  -27.0
13079  -21.0
13112  -14.0
13148  -7.0
13182  1.0
13214  6.0
13248  10.0
13280  16.0
13313  21.0
13346  27.0
13381  32.0
13418  37.0
13450  42.0
13481  45.0
13513  47.0
13546  49.0
13582  51.0
13614  52.0
13646  52.0
13679  52.0
13713  52.0
13745  52.0
13779  52.0
13813  51.0
13848  49.0
13881  46.0
13915  43.0
13946  38.0
13980  32.0
14012  28.0
14048  20.0
14084  12.0
14114  7.0
14148  3.0
14179  -3.0
14215  -10.0
14246  -16.0
14280  -22.0
14315  -29.0
14348  -34.0
14381  -39.0
14413  -42.0
14447  -44.0
14482  -50.0
14514  -52.0
14546  -54.0
14579  -55.0
14615  -57.0
14648  -57.0
14681  -57.0
14713  -57.0
14746  -57.0
14779  -57.0
14813  -57.0
14848  -54.0
14882  -51.0
14919  -45.0
14947  -41.0
14979  -37.0
15013  -33.0
15048  -27.0
15084  -22.0
15121  -13.0
15148  -8.0
15179  -1.0
15212  4.0
15246  9.0
15280  15.0
15317  21.0
15350  25.0
15381  30.0
15413  35.0
15446  39.0
15480  43.0
15515  46.0
15548  48.0
15581  49.0
15613  50.0
15647  51.0
15679  51.0
15713  51.0
15748  51.0
15781  51.0
15814  51.0
15846  49.0
15880  46.0
15913  43.0
15948  37.0
15984  31.0
16014  27.0
16048  20.0
16079  13.0
16115  9.0
16147  3.0
16185  -2.0
16215  -9.0
16248  -15.0
16280  -23.0
16313  -29.0
16346  -34.0
16380  -38.0
16416  -42.0
16449  -45.0
16483  -49.0
16513  -52.0
16546  -54.0
16579  -55.0
16615  -57.0
16648  -57.0
16684  -57.0
16715  -57.0
16746  -57.0
16779  -57.0
16813  -57.0
16849  -55.0
16883  -51.0
16916  -47.0
16948  -42.0
16980  -39.0
17014  -35.0
17046  -29.0
17081  -23.0
17113  -16.0
17146  -9.0
17182  -1.0
17221  4.0
17248  8.0
17285  13.0
17313  19.0
17347  24.0
17379  29.0
17416  34.0
17448  38.0
17481  42.0
17515  45.0
17547  47.0
17579  48.0
17614  49.0
17646  50.0
17680  50.0
17713  50.0
17749  50.0
17783  50.0
17816  50.0
17847  49.0
17879  46.0
17914  43.0
17946  39.0
17984  32.0
18015  27.0
18050  19.0
18079  14.0
18115  8.0
18146  4.0
18182  -2.0
18216  -8.0
18248  -15.0
18284  -21.0
18314  -26.0
18346  -32.0
18380  -37.0
18415  -41.0
18448  -43.0
18484  -47.0
18514  -50.0
18547  -53.0
18580  -53.0
18613  -55.0
18648  -56.0
18685  -56.0
18715  -56.0
18746  -56.0
18780  -56.0
18813  -56.0
18847  -55.0
18882  -51.0
18922  -46.0
18951  -42.0
18982  -39.0
19013  -35.0
19046  -29.0
19080  -24.0
19114  -17.0
19148  -11.0
19184  -3.0
19213  2.0
19247  6.0
19279  10.0
19315  16.0
19348  21.0
19381  27.0
19414  30.0
19446  35.0
19480  39.0
19514  42.0
19548  45.0
19584  46.0
19617  47.0
19646  48.0
19680  48.0
19713  48.0
19746  48.0
19785  48.0
19815  48.0
19848  47.0
19880  45.0
19914  42.0
19947  37.0
19981  31.0
20017  25.0
20048  18.0
20082  12.0
20113  7.0
20146  2.0
20180  -3.0
20215  -9.0
20248  -15.0
20283  -22.0
20314  -27.0
20347  -32.0
20380  -37.0
20413  -41.0
20448  -43.0
20482  -47.0
20515  -51.0
20546  -53.0
20580  -54.0
20613  -55.0
20647  -56.0
20680  -56.0
20713  -56.0
20749  -56.0
20780  -56.0
20813  -56.0
20846  -54.0
20880  -51.0
20916  -47.0
20948  -43.0
20980  -40.0
21014  -35.0
21047  -29.0
21080  -25.0
21115  -18.0
21148  -11.0
21184  -3.0
21214  1.0
21247  6.0
21280  11.0
21314  16.0
21349  21.0
21385  27.0
21416  29.0
21447  34.0
21480  38.0
21514  41.0
21547  44.0
21582  45.0
21615  46.0
21649  47.0
21680  47.0
21713  47.0
21747  47.0
21780  47.0
21815  47.0
21849  46.0
21881  44.0
21916  40.0
21946  36.0
21980  30.0
22020  24.0
22050  19.0
22084  13.0
22117  8.0
22146  3.0
22181  -1.0
22214  -7.0
22251  -15.0
22282  -19.0
22318  -25.0
22347  -31.0
22380  -35.0
22414  -39.0
22446  -42.0
22480  -45.0
22513  -48.0
22547  -51.0
22582  -52.0
22619  -54.0
22648  -54.0
22680  -54.0
22713  -54.0
22747  -54.0
22782  -54.0
22817  -54.0
22849  -53.0
22885  -50.0
22916  -46.0
22948  -42.0
22981  -39.0
23013  -34.0
23047  -29.0
23080  -24.0
23116  -18.0
23149  -12.0
23185  -4.0
23218  1.0
23247  5.0
23279  9.0
23313  15.0
23348  19.0
23384  25.0
23418  29.0
23447  33.0
23481  36.0
23513  40.0
23547  43.0
23582  44.0
23616  45.0
23649  46.0
23680  46.0
23714  46.0
23747  46.0
23782  46.0
23817  46.0
23849  45.0
23886  42.0
23913  39.0
23946  35.0
23981  30.0
24018  24.0
24049  18.0
24082  13.0
24116  7.0
24147  3.0
24180  -1.0
24214  -7.0
24247  -14.0
24283  -20.0
24317  -26.0
24349  -31.0
24383  -35.0
24416  -39.0
24450  -42.0
24480  -44.0
24513  -48.0
24547  -51.0
24582  -52.0
24616  -53.0
24650  -54.0
24680  -54.0
24714  -54.0
24747  -54.0
24781  -54.0
24818  -54.0
24849  -53.0
24884  -50.0
24913  -47.0
24947  -43.0
24981  -40.0
25019  -35.0
25048  -31.0
25082  -25.0
25115  -20.0
25147  -14.0
25180  -7.0
25213  -1.0
25248  4.0
25288  9.0
25318  13.0
25347  17.0
25380  21.0
25414  27.0
25447  31.0
25482  34.0
25519  37.0
25549  40.0
25581  42.0
25614  43.0
25647  44.0
25684  44.0
25715  44.0
25749  44.0
25782  44.0
25815  44.0
25847  43.0
25881  41.0
25916  37.0
25949  33.0
25985  28.0
26019  23.0
26047  17.0
26081  12.0
26114  6.0
26149  2.0
26182  -2.0
26218  -8.0
26247  -14.0
26281  -19.0
26314  -26.0
26347  -32.0
26382  -35.0
26419  -40.0
26449  -42.0
26480  -45.0
26514  -48.0
26547  -51.0
26582  -53.0
26616  -53.0
26650  -54.0
26682  -54.0
26713  -54.0
26747  -54.0
26780  -54.0
26815  -54.0
26848  -53.0
26882  -50.0
26916  -46.0
26947  -43.0
26980  -40.0
27014  -36.0
27049  -30.0
27082  -26.0
27119  -20.0
27147  -14.0
27181  -8.0
27213  -2.0
27247  3.0
27284  7.0
27317  13.0
27349  17.0
27381  21.0
27414  25.0
27447  29.0
27482  33.0
27515  36.0
27549  39.0
27582  41.0
27614  42.0
27647  43.0
27681  43.0
27716  43.0
27749  43.0
27782  43.0
27813  43.0
27847  42.0
27880  40.0
27914  36.0
27949  32.0
27983  28.0
28016  22.0
28047  16.0
28081  12.0
28114  6.0
28148  2.0
28186  -3.0
28216  -9.0
28249  -15.0
28281  -19.0
28314  -26.0
28347  -31.0
28382  -35.0
28418  -40.0
28449  -42.0
28482  -44.0
28514  -48.0
28547  -51.0
28581  -52.0
28616  -53.0
28649  -54.0
28687  -54.0
28714  -54.0
28747  -54.0
28780  -54.0
28814  -54.0
28849  -54.0
28883  -51.0
28915  -47.0
28948  -44.0
28981  -41.0
29014  -37.0
29049  -32.0
29083  -26.0
29118  -21.0
29149  -14.0
29181  -9.0
29214  -2.0
29247  2.0
29280  6.0
29317  12.0
29349  16.0
29382  20.0
29415  24.0
29448  28.0
29481  32.0
29516  34.0
29550  37.0
29594  40.0
29615  41.0
29648  41.0
29682  42.0
29714  42.0
29748  42.0
29780  42.0
29814  42.0
29849  42.0
29881  39.0
29915  36.0
29948  33.0
29981  28.0
30017  21.0
30047  17.0
30081  12.0
30114  7.0
30147  3.0
30188  -3.0
30215  -8.0
30249  -14.0
30282  -18.0
30314  -25.0
30347  -30.0
30381  -33.0
30415  -38.0
30449  -41.0
30486  -43.0
30514  -46.0
30547  -49.0
30582  -51.0
30614  -52.0
30649  -52.0
30687  -52.0
30715  -52.0
30748  -52.0
30780  -52.0
30814  -52.0
30847  -52.0
30882  -49.0
30916  -45.0
30949  -42.0
30982  -40.0
31014  -35.0
31047  -30.0
31085  -26.0
31117  -20.0
31149  -13.0
31182  -7.0
31214  -1.0
31248  4.0
31285  8.0
31320  13.0
31351  17.0
31383  21.0
31417  25.0
31448  29.0
31481  32.0
31518  35.0
31550  37.0
31584  39.0
31617  41.0
31647  42.0
31681  42.0
31714  42.0
31750  42.0
31783  42.0
31817  42.0
31847  42.0
31880  39.0
31914  36.0
31947  33.0
31982  29.0
32018  21.0
32049  17.0
32082  13.0
32114  7.0
32147  3.0
32182  -1.0
32215  -7.0
32250  -13.0
32285  -18.0
32315  -24.0
32348  -29.0
32381  -33.0
32414  -37.0
32452  -40.0
32486  -42.0
32516  -45.0
32548  -47.0
32582  -49.0
32614  -50.0
32649  -51.0
32684  -51.0
32718  -51.0
32747  -51.0
32781  -51.0
32814  -51.0
32848  -50.0
32885  -48.0
32920  -43.0
32950  -41.0
32981  -38.0
33014  -34.0
33048  -29.0
33084  -25.0
33116  -21.0
33149  -14.0
33183  -7.0
33214  -2.0
33248  3.0
33281  7.0
33314  11.0
33348  16.0
33381  20.0
33415  23.0
33449  27.0
33485  30.0
33519  34.0
33548  36.0
33581  37.0
33614  39.0
33649  40.0
33683  40.0
33715  40.0
33749  40.0
33781  40.0
33814  40.0
33848  40.0
33885  37.0
33916  34.0
33951  31.0
33982  27.0
34015  20.0
34048  16.0
34081  11.0
34114  7.0
34148  3.0
34183  -2.0
34214  -8.0
34248  -13.0
34281  -18.0
34320  -26.0
34349  -30.0
34387  -34.0
34419  -38.0
34448  -41.0
34482  -42.0
34514  -45.0
34548  -48.0
34583  -50.0
34616  -51.0
34648  -52.0
34682  -52.0
34714  -52.0
34748  -52.0
34787  -52.0
34821  -52.0
34849  -52.0
34883  -49.0
34914  -46.0
34947  -43.0
34982  -40.0
35016  -36.0
35050  -32.0
35083  -26.0
35116  -22.0
35148  -16.0
35181  -11.0
35220  -4.0
35250  1.0
35283  4.0
35314  8.0
35348  13.0
35382  16.0
35415  20.0
35450  24.0
35485  28.0
35516  30.0
35548  32.0
35581  34.0
35614  35.0
35648  36.0
35685  36.0
35720  36.0
35750  36.0
35781  36.0
35814  36.0
35848  36.0
35881  34.0
35919  31.0
35949  27.0
35983  23.0
36014  17.0
36048  13.0
36081  9.0
36116  3.0
36149  0.0
36184  -4.0
36216  -11.0
36247  -16.0
36281  -20.0
36314  -27.0
36350  -31.0
36384  -35.0
36416  -39.0
36448  -41.0
36481  -44.0
36515  -47.0
36549  -49.0
36583  -51.0
36616  -52.0
36650  -52.0
36682  -52.0
36715  -52.0
36748  -52.0
36784  -52.0
36820  -52.0
36850  -52.0
36882  -49.0
36915  -45.0
36947  -43.0
36981  -40.0
37017  -35.0
37050  -31.0
37083  -27.0
37115  -23.0
37148  -16.0
37181  -11.0
37217  -6.0
37249  0.0
37287  4.0
37316  7.0
37347  12.0
37381  15.0
37415  19.0
37450  22.0
37488  27.0
37519  29.0
37550  31.0
37581  33.0
37615  34.0
37648  34.0
37684  35.0
37720  35.0
37750  35.0
37785  35.0
37814  35.0
37848  35.0
37881  33.0
37916  30.0
37949  28.0
37983  23.0
38017  17.0
38048  13.0
38082  9.0
38119  4.0
38150  1.0
38182  -5.0
38216  -10.0
38248  -15.0
38281  -20.0
38316  -27.0
38350  -30.0
38386  -35.0
38420  -39.0
38450  -40.0
38481  -43.0
38517  -46.0
38548  -47.0
38587  -50.0
38616  -51.0
38650  -51.0
38683  -51.0
38714  -51.0
38747  -51.0
38781  -51.0
38817  -51.0
38850  -50.0
38884  -48.0
38917  -44.0
38949  -42.0
38987  -39.0
39015  -35.0
39048  -30.0
39082  -26.0
39115  -22.0
39148  -15.0
39182  -10.0
39215  -5.0
39250  1.0
39285  5.0
39320  8.0
39348  12.0
39383  16.0
39416  19.0
39448  22.0
39484  26.0
39520  30.0
39550  32.0
39582  34.0
39615  35.0
39649  35.0
39682  35.0
39716  35.0
39750  35.0
39783  35.0
39814  35.0
39848  35.0
39881  33.0
39916  30.0
39950  27.0
39983  22.0
40017  17.0
40048  13.0
40081  9.0
40116  5.0
40150  1.0
40185  -5.0
40216  -10.0
40248  -15.0
40282  -20.0
40315  -27.0
40348  -30.0
40386  -34.0
40417  -39.0
40451  -40.0
40482  -43.0
40514  -46.0
40548  -47.0
40583  -49.0
40619  -51.0
40650  -51.0
40684  -51.0
40715  -51.0
40748  -51.0
40782  -51.0
40818  -51.0
40850  -51.0
40883  -49.0
40915  -45.0
40948  -43.0
40981  -40.0
41016  -36.0
41049  -31.0
41083  -27.0
41116  -23.0
41150  -17.0
41185  -11.0
41217  -6.0
41250  -1.0
41281  3.0
41315  6.0
41348  10.0
41383  15.0
41417  18.0
41450  20.0
41484  24.0
41515  27.0
41549  29.0
41581  30.0
41616  31.0
41651  32.0
41683  32.0
41716  32.0
41748  32.0
41782  32.0
41816  32.0
41850  32.0
41884  30.0
41916  28.0
41949  24.0
41981  19.0
42015  15.0
42050  11.0
42083  6.0
42117  3.0
42148  -1.0
42184  -7.0
42215  -12.0
42248  -16.0
42281  -21.0
42316  -27.0
42348  -30.0
42385  -35.0
42421  -38.0
42450  -40.0
42483  -43.0
42515  -46.0
42548  -47.0
42582  -49.0
42617  -50.0
42650  -50.0
42684  -50.0
42715  -51.0
42748  -51.0
42782  -51.0
42817  -51.0
42850  -51.0
42887  -47.0
42917  -45.0
42949  -43.0
42981  -40.0
43017  -36.0
43049  -31.0
43084  -27.0
43117  -23.0
43152  -17.0
43182  -13.0
43215  -7.0
43248  -2.0
43284  2.0
43317  5.0
43350  10.0
43385  14.0
43415  16.0
43449  19.0
43485  22.0
43515  25.0
43548  28.0
43581  29.0
43615  30.0
43648  30.0
43681  30.0
43715  30.0
43750  30.0
43783  30.0
43821  30.0
43848  30.0
43882  27.0
43918  25.0
43951  21.0
43984  17.0
44017  12.0
44050  8.0
44082  5.0
44115  1.0
44148  -3.0
44185  -8.0
44220  -14.0
44251  -18.0
44283  -24.0
44315  -28.0
44349  -32.0
44381  -37.0
44417  -39.0
44451  -41.0
44486  -44.0
44516  -47.0
44549  -48.0
44581  -50.0
44616  -51.0
44650  -51.0
44683  -51.0
44720  -51.0
44749  -51.0
44782  -51.0
44815  -51.0
44849  -50.0
44882  -48.0
44915  -45.0
44949  -43.0
44982  -40.0
45015  -36.0
45049  -31.0
45084  -28.0
45117  -23.0
45151  -17.0
45184  -11.0
45215  -6.0
45248  -1.0
45282  3.0
45317  6.0
45350  10.0
45384  14.0
45416  16.0
45449  19.0
45490  22.0
45516  24.0
45548  27.0
45582  29.0
45615  29.0
45648  30.0
45682  30.0
45716  30.0
45751  30.0
45784  30.0
45818  30.0
45848  30.0
45883  28.0
45915  24.0
45949  21.0
45987  16.0
46017  12.0
46050  8.0
46083  5.0
46115  1.0
46149  -4.0
46183  -9.0
46219  -13.0
46253  -19.0
46284  -25.0
46315  -29.0
46348  -33.0
46382  -37.0
46419  -40.0
46451  -41.0
46483  -44.0
46517  -47.0
46549  -48.0
46582  -50.0
46615  -51.0
46649  -51.0
46682  -51.0
46716  -51.0
46751  -51.0
46784  -51.0
46817  -51.0
46850  -51.0
46881  -48.0
46915  -46.0
46948  -44.0
46983  -40.0
47020  -35.0
47051  -33.0
47084  -29.0
47115  -25.0
47149  -19.0
47182  -13.0
47217  -7.0
47250  -2.0
47286  2.0
47321  5.0
47349  7.0
47382  11.0
47416  15.0
47449  17.0
47482  20.0
47516  22.0
47551  24.0
47585  26.0
47617  28.0
47649  28.0
47682  28.0
47715  28.0
47749  28.0
47784  28.0
47817  28.0
47851  27.0
47882  24.0
47916  21.0
47949  18.0
47985  14.0
48017  10.0
48051  6.0
48084  2.0
48115  -1.0
48149  -6.0
48182  -10.0
48217  -15.0
48250  -21.0
48284  -27.0
48317  -30.0
48349  -34.0
48382  -38.0
48417  -41.0
48450  -42.0
48486  -46.0
48520  -48.0
48548  -49.0
48582  -51.0
48616  -52.0
48650  -52.0
48684  -52.0
48720  -52.0
48751  -52.0
48782  -52.0
48818  -52.0
48849  -52.0
48882  -49.0
48917  -46.0
48950  -44.0
48984  -41.0
49015  -37.0
49049  -33.0
49085  -30.0
49118  -25.0
49150  -20.0
49184  -14.0
49215  -9.0
49249  -4.0
49282  0.0
49315  3.0
49348  6.0
49382  10.0
49416  13.0
49450  15.0
49485  17.0
49518  20.0
49550  21.0
49582  23.0
49615  24.0
49649  25.0
49682  25.0
49716  25.0
49748  25.0
49784  25.0
49820  25.0
49851  23.0
49882  21.0
49915  18.0
49949  15.0
49983  12.0
50016  8.0
50049  4.0
50083  1.0
50116  -3.0
50149  -8.0
50182  -13.0
50216  -17.0
50251  -22.0
50284  -28.0
50318  -31.0
50348  -35.0
50382  -39.0
50415  -41.0
50450  -43.0
50484  -46.0
50520  -47.0
50550  -49.0
50583  -51.0
50615  -51.0
50649  -51.0
50684  -52.0
50719  -52.0
50750  -52.0
50783  -52.0
50816  -52.0
50849  -51.0
50883  -48.0
50917  -46.0
50951  -44.0
50984  -40.0
51016  -37.0
51049  -33.0
51083  -29.0
51118  -25.0
51151  -20.0
51185  -13.0
51220  -8.0
51249  -4.0
51282  -1.0
51316  3.0
51350  6.0
51384  9.0
51417  13.0
51449  15.0
51482  17.0
51515  18.0
51549  20.0
51584  21.0
51621  22.0
51650  23.0
51683  23.0
51716  23.0
51749  23.0
51784  23.0
51817  23.0
51850  22.0
51885  20.0
51915  18.0
51949  15.0
51983  11.0
52018  7.0
52051  4.0
52086  0.0
52115  -3.0
52149  -8.0
52182  -13.0
52216  -17.0
52250  -23.0
52284  -28.0
52318  -30.0
52349  -35.0
52382  -38.0
52416  -40.0
52449  -42.0
52484  -45.0
52519  -47.0
52551  -48.0
52583  -50.0
52616  -50.0
52650  -50.0
52685  -50.0
52718  -50.0
52751  -50.0
52784  -50.0
52816  -50.0
52849  -49.0
52883  -46.0
52918  -44.0
52951  -41.0
52984  -38.0
53019  -34.0
53051  -31.0
53087  -27.0
53118  -23.0
53149  -18.0
53183  -13.0
53216  -8.0
53251  -3.0
53285  0.0
53318  3.0
53351  6.0
53384  10.0
53419  13.0
53451  15.0
53484  17.0
53516  19.0
53549  20.0
53583  21.0
53622  22.0
53652  22.0
53686  22.0
53716  22.0
53749  22.0
53785  22.0
53822  22.0
53850  21.0
53884  19.0
53916  16.0
53949  14.0
53983  9.0
54017  6.0
54051  3.0
54084  -1.0
54118  -5.0
54149  -9.0
54183  -14.0
54216  -18.0
54250  -23.0
54284  -28.0
54318  -31.0
54351  -35.0
54383  -38.0
54416  -40.0
54449  -42.0
54484  -45.0
54517  -46.0
54551  -48.0
54583  -49.0
54616  -50.0
54649  -50.0
54682  -50.0
54717  -50.0
54750  -50.0
54788  -50.0
54816  -50.0
54849  -48.0
54883  -46.0
54917  -43.0
54951  -41.0
54984  -38.0
55022  -33.0
55049  -30.0
55083  -27.0
55119  -23.0
55151  -17.0
55187  -12.0
55227  -6.0
55252  -3.0
55282  0.0
55316  3.0
55349  5.0
55384  9.0
55417  12.0
55451  14.0
55483  16.0
55516  18.0
55549  19.0
55583  20.0
55617  21.0
55651  21.0
55686  21.0
55716  21.0
55749  21.0
55783  21.0
55821  21.0
55851  20.0
55885  18.0
55917  16.0
55949  13.0
55982  9.0
56018  6.0
56050  3.0
56089  -2.0
56121  -6.0
56149  -10.0
56182  -14.0
56216  -18.0
56249  -24.0
56287  -27.0
56321  -31.0
56351  -35.0
56383  -38.0
56416  -39.0
56449  -42.0
56483  -44.0
56518  -45.0
56551  -47.0
56584  -48.0
56616  -48.0
56649  -49.0
56682  -49.0
56718  -49.0
56751  -49.0
56785  -49.0
56817  -49.0
56849  -48.0
56883  -45.0
56916  -43.0
56951  -41.0
56984  -37.0
57017  -34.0
57049  -30.0
57083  -26.0
57116  -22.0
57150  -17.0
57185  -13.0
57218  -9.0
57251  -4.0
57285  0.0
57316  3.0
57349  5.0
57382  8.0
57418  11.0
57451  13.0
57484  15.0
57516  17.0
57550  18.0
57582  19.0
57618  19.0
57655  20.0
57687  20.0
57722  20.0
57750  20.0
57783  20.0
57817  20.0
57851  19.0
57885  17.0
57921  15.0
57950  11.0
57983  8.0
58016  5.0
58051  2.0
58085  -2.0
58123  -7.0
58152  -11.0
58185  -15.0
58221  -21.0
58250  -26.0
58284  -29.0
58321  -33.0
58351  -37.0
58385  -39.0
58416  -40.0
58449  -43.0
58483  -45.0
58518  -46.0
58552  -48.0
58585  -49.0
58620  -49.0
58650  -49.0
58683  -49.0
58717  -49.0
58750  -49.0
58783  -49.0
58817  -49.0
58852  -47.0
58885  -45.0
58923  -42.0
58949  -40.0
58983  -37.0
59016  -33.0
59049  -29.0
59084  -26.0
59120  -22.0
59152  -17.0
59183  -12.0
59216  -7.0
59249  -4.0
59283  0.0
59318  3.0
59351  6.0
59389  9.0
59416  11.0
59450  14.0
59483  16.0
59517  17.0
59551  18.0
59584  19.0
59618  19.0
59650  19.0
59683  19.0
59717  19.0
59752  19.0
59785  19.0
59818  19.0
59849  17.0
59883  15.0
59916  13.0
59950  10.0
59985  6.0
60020  4.0
60052  0.0
60083  -4.0
60116  -8.0
60150  -11.0
60184  -16.0
60219  -22.0
60251  -27.0
60288  -30.0
60319  -34.0
60350  -37.0
60383  -39.0
60422  -41.0
60453  -43.0
60490  -45.0
60518  -46.0
60549  -48.0
60583  -48.0
60617  -49.0
60652  -49.0
60689  -49.0
60727  -49.0
60750  -49.0
60783  -49.0
60817  -49.0
60850  -48.0
60885  -45.0
60919  -43.0
60952  -40.0
60983  -37.0
61017  -34.0
61050  -30.0
61085  -27.0
61119  -23.0
61152  -17.0
61186  -12.0
61221  -9.0
61249  -6.0
61287  -1.0
61322  2.0
61351  4.0
61388  7.0
61416  9.0
61449  11.0
61483  13.0
61517  14.0
61552  15.0
61584  15.0
61619  16.0
61650  16.0
61683  16.0
61721  16.0
61749  16.0
61784  16.0
61818  16.0
61851  15.0
61883  13.0
61918  10.0
61949  7.0
61984  4.0
62018  2.0
62052  -2.0
62088  -7.0
62119  -10.0
62152  -14.0
62186  -18.0
62220  -25.0
62250  -28.0
62283  -31.0
62318  -35.0
62351  -38.0
62385  -40.0
62418  -42.0
62450  -44.0
62484  -45.0
62517  -47.0
62552  -48.0
62585  -49.0
62618  -49.0
62650  -49.0
62684  -49.0
62717  -49.0
62750  -49.0
62788  -49.0
62818  -49.0
62852  -47.0
62883  -45.0
62916  -43.0
62950  -40.0
62983  -37.0
63018  -33.0
63052  -30.0
63085  -26.0
63117  -23.0
63150  -17.0
63183  -13.0
63219  -9.0
63255  -5.0
63285  -1.0
63318  1.0
63350  3.0
63386  6.0
63419  8.0
63452  10.0
63485  12.0
63518  13.0
63550  14.0
63583  15.0
63617  15.0
63650  15.0
63685  15.0
63719  15.0
63752  15.0
63784  15.0
63817  15.0
63850  13.0
63885  11.0
63918  9.0
63952  6.0
63987  3.0
64016  1.0
64050  -3.0
64083  -7.0
64119  -11.0
64152  -15.0
64185  -20.0
64224  -26.0
64250  -29.0
64285  -31.0
64317  -36.0
64351  -38.0
64388  -40.0
64418  -42.0
64450  -44.0
64484  -45.0
64517  -47.0
64550  -48.0
64588  -49.0
64619  -49.0
64651  -49.0
64685  -49.0
64716  -49.0
64750  -49.0
64784  -49.0
64818  -49.0
64852  -47.0
64885  -45.0
64917  -43.0
64950  -40.0
64984  -37.0
65021  -34.0
65052  -30.0
65085  -27.0
65117  -23.0
65150  -18.0
65183  -13.0
65218  -9.0
65251  -5.0
65285  -2.0
65318  1.0
65350  3.0
65383  5.0
65417  8.0
65452  10.0
65485  12.0
65518  13.0
65552  13.0
65585  14.0
65619  14.0
65650  14.0
65686  14.0
65722  14.0
65752  14.0
65784  14.0
65817  14.0
65850  12.0
65886  10.0
65922  7.0
65952  5.0
65986  2.0
66016  -1.0
66050  -5.0
66083  -8.0
66117  -12.0
66151  -15.0
66185  -21.0
66221  -27.0
66251  -29.0
66284  -33.0
66317  -37.0
66349  -39.0
66383  -40.0
66416  -42.0
66450  -44.0
66486  -45.0
66519  -47.0
66552  -48.0
66584  -48.0
66617  -48.0
66650  -48.0
66685  -48.0
66720  -48.0
66752  -48.0
66788  -48.0
66817  -48.0
66850  -46.0
66884  -44.0
66918  -41.0
66952  -38.0
66988  -36.0
67017  -32.0
67050  -29.0
67083  -26.0
67117  -22.0
67152  -17.0
67186  -12.0
67219  -9.0
67250  -5.0
67283  -2.0
67317  1.0
67350  3.0
67387  5.0
67418  7.0
67452  9.0
67484  11.0
67517  12.0
67551  12.0
67586  13.0
67618  13.0
67652  13.0
67684  13.0
67717  13.0
67750  13.0
67783  13.0
67818  11.0
67852  9.0
67888  7.0
67917  5.0
67950  3.0
67983  0.0
68018  -3.0
68052  -8.0
68086  -11.0
68118  -14.0
68151  -18.0
68183  -24.0
68217  -28.0
68250  -31.0
68285  -35.0
68318  -38.0
68353  -40.0
68384  -42.0
68417  -43.0
68450  -45.0
68485  -46.0
68518  -48.0
68552  -48.0
68585  -49.0
68619  -49.0
68650  -49.0
68684  -49.0
68720  -49.0
68752  -49.0
68787  -49.0
68817  -49.0
68851  -47.0
68884  -45.0
68917  -43.0
68952  -40.0
68989  -37.0
69019  -33.0
69050  -31.0
69083  -27.0
69119  -23.0
69150  -19.0
69188  -13.0
69221  -10.0
69252  -7.0
69286  -3.0
69319  -2.0
69351  0.0
69387  3.0
69419  4.0
69452  6.0
69485  8.0
69517  9.0
69550  10.0
69584  10.0
69617  10.0
69651  10.0
69684  10.0
69719  10.0
69752  10.0
69786  10.0
69817  9.0
69851  7.0
69884  5.0
69917  3.0
69952  1.0
69988  -2.0
70022  -6.0
70050  -9.0
70084  -13.0
70117  -16.0
70150  -21.0
70188  -27.0
70219  -30.0
70252  -33.0
70284  -36.0
70317  -40.0
70351  -41.0
70386  -43.0
70418  -44.0
70452  -46.0
70485  -47.0
70517  -48.0
70551  -49.0
70584  -49.0
70619  -49.0
70652  -49.0
70686  -49.0
70717  -49.0
70750  -49.0
70784  -49.0
70817  -48.0
70852  -46.0
70886  -44.0
70919  -42.0
70951  -40.0
70984  -36.0
71018  -33.0
71051  -30.0
71087  -26.0
71122  -22.0
71152  -19.0
71184  -14.0
71217  -11.0
71250  -8.0
71285  -4.0
71319  -2.0
71353  0.0
71385  2.0
71417  4.0
71451  5.0
71484  7.0
71519  8.0
71552  8.0
71586  9.0
71617  9.0
71650  9.0
71684  9.0
71719  9.0
71752  9.0
71786  9.0
71823  8.0
71850  6.0
71884  4.0
71918  2.0
71951  0.0
71984  -3.0
72017  -7.0
72051  -10.0
72086  -14.0
72118  -17.0
72152  -22.0
72184  -26.0
72217  -29.0
72250  -32.0
72286  -36.0
72319  -39.0
72352  -40.0
72385  -42.0
72417  -44.0
72451  -45.0
72484  -46.0
72519  -47.0
72552  -48.0
72587  -48.0
72621  -48.0
72652  -48.0
72685  -48.0
72722  -48.0
72750  -48.0
72784  -48.0
72820  -47.0
72851  -45.0
72885  -43.0
72917  -42.0
72951  -39.0
72986  -36.0
73024  -32.0
73054  -29.0
73084  -26.0
73118  -22.0
73151  -17.0
73185  -12.0
73222  -10.0
73252  -6.0
73286  -3.0
73317  -1.0
73351  1.0
73385  3.0
73422  5.0
73452  6.0
73493  7.0
73519  8.0
73551  9.0
73584  9.0
73617  9.0
73652  9.0
73687  9.0
73721  9.0
73751  9.0
73784  9.0
73817  8.0
73850  6.0
73886  4.0
73919  2.0
73953  -1.0
73984  -3.0
74018  -7.0
74050  -10.0
74086  -14.0
74120  -18.0
74153  -23.0
74186  -27.0
74217  -30.0
74251  -33.0
74284  -36.0
74319  -39.0
74353  -41.0
74389  -42.0
74417  -43.0
74451  -45.0
74484  -46.0
74519  -47.0
74552  -47.0
74588  -47.0
74619  -47.0
74650  -47.0
74686  -47.0
74717  -47.0
74752  -47.0
74786  -47.0
74819  -46.0
74853  -44.0
74884  -42.0
74917  -40.0
74951  -37.0
74986  -34.0
75023  -31.0
75053  -28.0
75084  -25.0
75117  -20.0
75151  -16.0
75184  -11.0
75222  -9.0
75253  -5.0
75290  -2.0
75320  0.0
75351  1.0
75384  4.0
75417  5.0
75452  6.0
75487  7.0
75520  8.0
75551  9.0
75584  9.0
75618  9.0
75652  9.0
75688  9.0
75720  9.0
75751  9.0
75784  9.0
75817  7.0
75851  6.0
75885  4.0
75919  2.0
75952  -1.0
75991  -5.0
76018  -7.0
76050  -10.0
76086  -14.0
76120  -17.0
76156  -23.0
76186  -26.0
76218  -28.0
76251  -31.0
76284  -35.0
76323  -37.0
76352  -39.0
76390  -40.0
76421  -41.0
76451  -43.0
76485  -44.0
76518  -44.0
76553  -45.0
76586  -45.0
76621  -45.0
76651  -45.0
76684  -45.0
76717  -45.0
76751  -45.0
76786  -45.0
76822  -44.0
76853  -42.0
76887  -40.0
76920  -38.0
76952  -35.0
76987  -32.0
77023  -29.0
77053  -27.0
77090  -23.0
77118  -19.0
77151  -15.0
77184  -11.0
77218  -9.0
77251  -5.0
77284  -2.0
77320  0.0
77352  1.0
77389  3.0
77419  5.0
77451  6.0
77493  7.0
77518  7.0
77551  8.0
77586  8.0
77620  8.0
77651  8.0
77689  8.0
77720  8.0
77752  8.0
77785  8.0
77818  6.0
77852  5.0
77886  3.0
77922  1.0
77953  -2.0
77986  -5.0
78018  -9.0
78051  -11.0
78084  -15.0
78121  -18.0
78153  -23.0
78189  -27.0
78218  -29.0
78252  -33.0
78285  -35.0
78322  -37.0
78353  -39.0
78390  -40.0
78421  -41.0
78451  -42.0
78487  -43.0
78519  -44.0
78552  -44.0
78589  -44.0
78622  -44.0
78653  -44.0
78684  -44.0
78720  -44.0
78751  -44.0
78789  -44.0
78823  -42.0
78853  -40.0
78885  -39.0
78918  -36.0
78951  -33.0
78985  -30.0
79019  -28.0
79053  -25.0
79086  -21.0
79118  -17.0
79151  -13.0
79184  -10.0
79218  -8.0
79253  -4.0
79286  -1.0
79320  1.0
79351  2.0
79384  4.0
79417  5.0
79451  6.0
79486  7.0
79519  7.0
79553  8.0
79584  8.0
79618  8.0
79651  8.0
79687  8.0
79724  8.0
79756  8.0
79786  8.0
79818  6.0
79851  5.0
79884  3.0
79919  1.0
79953  -2.0
79986  -5.0
80018  -9.0
80051  -11.0
80084  -14.0
80118  -18.0
80151  -23.0
80185  -26.0
80218  -28.0
80253  -32.0
80286  -35.0
80320  -36.0
80351  -38.0
80384  -39.0
80418  -40.0
80453  -41.0
80486  -42.0
80520  -42.0
80553  -43.0
80586  -43.0
80618  -43.0
80651  -43.0
80686  -43.0
80720  -43.0
80753  -43.0
80786  -43.0
80818  -41.0
80852  -39.0
80885  -38.0
80924  -35.0
80953  -33.0
80990  -29.0
81018  -27.0
81051  -24.0
81085  -21.0
81117  -17.0
81153  -13.0
81189  -10.0
81223  -7.0
81251  -4.0
81284  -1.0
81318  0.0
81351  2.0
81386  4.0
81422  5.0
81453  5.0
81486  6.0
81518  7.0
81551  7.0
81586  7.0
81619  7.0
81653  7.0
81685  7.0
81718  7.0
81754  7.0
81787  6.0
81821  5.0
81853  4.0
81889  2.0
81918  -1.0
81951  -3.0
81984  -7.0
82018  -9.0
82053  -13.0
82089  -16.0
82119  -20.0
82151  -24.0
82185  -26.0
82218  -29.0
82253  -33.0
82286  -35.0
82320  -36.0
82353  -38.0
82385  -39.0
82418  -40.0
82452  -41.0
82487  -42.0
82520  -42.0
82553  -42.0
82585  -42.0
82618  -42.0
82651  -42.0
82686  -42.0
82720  -42.0
82752  -42.0
82785  -41.0
82821  -40.0
82853  -38.0
82888  -36.0
82919  -34.0
82951  -31.0
82985  -28.0
83018  -26.0
83051  -23.0
83085  -19.0
83118  -15.0
83153  -11.0
83186  -9.0
83219  -6.0
83251  -3.0
83288  0.0
83320  1.0
83352  3.0
83389  4.0
83419  5.0
83453  6.0
83485  7.0
83518  7.0
83552  7.0
83585  7.0
83623  7.0
83654  7.0
83687  7.0
83718  7.0
83751  7.0
83785  6.0
83820  5.0
83853  4.0
83891  2.0
83921  -1.0
83952  -4.0
83985  -7.0
84020  -9.0
84054  -13.0
84086  -15.0
84120  -20.0
84151  -24.0
84185  -26.0
84218  -29.0
84252  -32.0
84287  -34.0
84320  -36.0
84353  -37.0
84385  -38.0
84418  -39.0
84452  -40.0
84487  -40.0
84520  -41.0
84554  -41.0
84587  -41.0
84619  -41.0
84651  -41.0
84685  -41.0
84721  -41.0
84754  -41.0
84788  -40.0
84820  -39.0
84852  -37.0
84885  -36.0
84918  -33.0
84953  -30.0
84986  -28.0
85021  -25.0
85052  -22.0
85085  -19.0
85119  -14.0
85152  -10.0
85185  -8.0
85218  -6.0
85251  -2.0
85286  0.0
85318  1.0
85351  3.0
85385  5.0
85418  5.0
85451  6.0
85485  7.0
85520  7.0
85552  7.0
85585  7.0
85621  7.0
85654  7.0
85687  7.0
85720  7.0
85752  7.0
85785  6.0
85818  4.0
85852  3.0
85885  1.0
85918  -2.0
85953  -5.0
85989  -8.0
86023  -11.0
86053  -13.0
86085  -17.0
86120  -22.0
86152  -24.0
86187  -26.0
86220  -29.0
86254  -32.0
86285  -34.0
86318  -36.0
86352  -37.0
86389  -38.0
86420  -39.0
86454  -39.0
86488  -40.0
86518  -40.0
86552  -40.0
86585  -40.0
86620  -40.0
86655  -40.0
86686  -40.0
86720  -40.0
86752  -40.0
86785  -39.0
86818  -37.0
86853  -36.0
86886  -34.0
86924  -31.0
86952  -29.0
86985  -26.0
87018  -24.0
87052  -21.0
87087  -17.0
87122  -13.0
87155  -9.0
87185  -8.0
87218  -6.0
87252  -2.0
87286  0.0
87320  1.0
87354  3.0
87389  4.0
87418  5.0
87452  6.0
87485  6.0
87520  6.0
87554  6.0
87589  6.0
