1220  -1.0
1239  -1.0
1269  -1.0
1303  -1.0
1337  -1.0
1370  -1.0
1402  -1.0
1438  -1.0
1481  -1.0
1507  -1.0
1537  -1.0
1570  -1.0
1602  -1.0
1637  -1.0
1669  -1.0
1704  -1.0
1737  -1.0
1771  -1.0
1806  -1.0
1835  -1.0
1871  -1.0
1906  -1.0
1938  -1.0
1976  -1.0
2002  -1.0
2039  -1.0
2068  -1.0
2105  -1.0
2136  -1.0
2169  -1.0
2202  -1.0
2238  -1.0
2269  -1.0
2302  -1.0
2336  -1.0
2369  -1.0
2402  -1.0
2440  -1.0
2485  -1.0
2515  -1.0
2543  -1.0
2571  -1.0
2603  -1.0
2638  -1.0
2670  -1.0
2703  -1.0
2737  -1.0
2770  -1.0
2804  -1.0
2844  -1.0
2869  -1.0
2903  -1.0
2939  -1.0
2970  -1.0
3003  -1.0
3043  -1.0
3090  -1.0
3108  -1.0
3138  -1.0
3179  -1.0
3213  -1.0
3238  -1.0
3278  -1.0
3303  -1.0
3347  -1.0
3380  -1.0
3410  -1.0
3446  -1.0
3492  -1.0
3504  -1.0
3546  -1.0
3581  -1.0
3603  -1.0
3646  -1.0
3677  -1.0
3709  -1.0
3754  -1.0
3791  -1.0
3827  -1.0
3850  3.0
3887  6.0
3920  11.0
3962  16.0
3986  18.0
4018  22.0
4062  27.0
4091  29.0
4127  32.0
4161  36.0
4188  38.0
4234  41.0
4253  43.0
4284  45.0
4317  48.0
4351  51.0
4384  55.0
4420  58.0
4454  60.0
4485  62.0
4519  65.0
4553  66.0
4585  66.0
4618  66.0
4650  66.0
4685  66.0
4735  67.0
4752  67.0
4784  64.0
4818  60.0
4852  55.0
4885  46.0
4919  39.0
4957  31.0
5000  23.0
5018  18.0
5063  6.0
5090  -3.0
5127  -11.0
5161  -16.0
5202  -24.0
5244  -35.0
5262  -40.0
5297  -46.0
5329  -51.0
5363  -55.0
5393  -58.0
5427  -59.0
5460  -60.0
5492  -60.0
5525  -60.0
5560  -60.0
5592  -60.0
5629  -60.0
5665  -58.0
5693  -55.0
5749  -47.0
5763  -45.0
5798  -36.0
5832  -28.0
5872  -17.0
5894  -12.0
5926  -6.0
5960  0.0
5994  10.0
6027  18.0
6061  28.0
6094  34.0
6127  40.0
6160  44.0
6194  49.0
6240  56.0
6261  58.0
6294  60.0
6327  62.0
6362  62.0
6393  62.0
6430  62.0
6464  62.0
6495  62.0
6528  62.0
6560  59.0
6593  55.0
6627  47.0
6660  42.0
6694  34.0
6733  27.0
6764  21.0
6794  12.0
6827  1.0
6861  -6.0
6895  -15.0
6927  -20.0
6961  -28.0
6994  -34.0
7028  -46.0
7061  -49.0
7095  -52.0
7128  -55.0
7161  -58.0
7194  -58.0
7229  -59.0
7263  -59.0
7294  -59.0
7331  -59.0
7371  -59.0
7394  -59.0
7426  -58.0
7460  -54.0
7494  -50.0
7527  -45.0
7566  -35.0
7596  -27.0
7629  -17.0
7665  -9.0
7695  -4.0
7735  4.0
7772  16.0
7795  21.0
7829  29.0
7862  35.0
7894  40.0
7930  44.0
7962  47.0
7997  53.0
8026  55.0
8061  56.0
8096  58.0
8130  58.0
8161  58.0
8194  58.0
8227  58.0
8260  58.0
8297  58.0
8329  56.0
8362  52.0
8394  45.0
8428  39.0
8461  32.0
8495  26.0
8531  15.0
8561  8.0
8595  -5.0
8627  -12.0
8661  -16.0
8694  -21.0
8728  -30.0
8762  -37.0
8793  -46.0
8827  -48.0
8860  -51.0
8894  -54.0
8927  -56.0
8963  -58.0
9006  -58.0
9030  -58.0
9061  -59.0
9094  -59.0
9127  -59.0
9160  -59.0
9194  -59.0
9231  -54.0
9263  -49.0
9294  -44.0
9334  -32.0
9369  -21.0
9394  -17.0
9428  -9.0
9463  -3.0
9494  3.0
9532  15.0
9563  22.0
9594  28.0
9627  32.0
9661  37.0
9695  40.0
9732  45.0
9761  48.0
9794  51.0
9831  53.0
9860  55.0
9896  56.0
9929  56.0
9960  56.0
9994  56.0
10027  56.0
10060  56.0
10094  52.0
10127  46.0
10160  41.0
10194  33.0
10230  27.0
10262  21.0
10296  11.0
10329  0.0
10366  -6.0
10396  -14.0
10427  -18.0
10460  -23.0
10495  -31.0
10534  -38.0
10570  -46.0
10599  -49.0
10630  -52.0
10666  -55.0
10694  -57.0
10730  -58.0
10764  -59.0
10794  -59.0
10830  -59.0
10868  -59.0
10894  -59.0
10927  -59.0
10961  -55.0
10996  -52.0
11033  -47.0
11068  -37.0
11095  -30.0
11127  -21.0
11161  -13.0
11195  -8.0
11251  0.0
11265  5.0
11297  14.0
11332  22.0
11366  28.0
11395  31.0
11429  37.0
11462  41.0
11495  44.0
11529  47.0
11566  51.0
11596  53.0
11631  54.0
11662  54.0
11695  54.0
11729  54.0
11766  54.0
11795  54.0
11830  54.0
11867  46.0
11896  42.0
11931  36.0
11965  29.0
11996  24.0
12032  15.0
12066  8.0
12095  -4.0
12129  -10.0
12162  -15.0
12195  -19.0
12232  -29.0
12262  -33.0
12296  -40.0
12329  -47.0
12363  -51.0
12396  -53.0
12433  -56.0
12465  -58.0
12495  -58.0
12529  -59.0
12563  -59.0
12596  -59.0
12632  -59.0
12665  -59.0
12695  -58.0
12730  -54.0
12769  -49.0
12799  -45.0
12837  -34.0
12862  -27.0
12895  -19.0
12929  -14.0
12968  -6.0
12998  -2.0
13037  9.0
13064  14.0
13096  22.0
13129  28.0
13166  33.0
13195  37.0
13231  41.0
13262  43.0
13296  46.0
13330  48.0
13363  50.0
13396  50.0
13436  50.0
13466  50.0
13507  50.0
13529  50.0
13562  50.0
13595  46.0
13630  42.0
13663  37.0
13696  31.0
13729  26.0
13764  20.0
13796  11.0
13832  2.0
13863  -7.0
13896  -13.0
13935  -19.0
13965  -24.0
13997  -30.0
14030  -37.0
14064  -46.0
14096  -49.0
14129  -52.0
14167  -55.0
14195  -56.0
14229  -58.0
14262  -59.0
14295  -59.0
14335  -59.0
14367  -59.0
14402  -59.0
14429  -59.0
14463  -57.0
14496  -54.0
14532  -50.0
14562  -46.0
14595  -36.0
14629  -28.0
14662  -19.0
14695  -13.0
14730  -8.0
14763  -2.0
14796  8.0
14829  13.0
14864  23.0
14898  27.0
14931  32.0
14970  36.0
14996  39.0
15029  41.0
15062  43.0
15096  44.0
15129  45.0
15164  45.0
15195  45.0
15232  45.0
15263  45.0
15296  45.0
15334  45.0
15370  41.0
15396  38.0
15429  33.0
15462  28.0
15496  23.0
15531  14.0
15565  6.0
15596  -5.0
15629  -11.0
15667  -18.0
15701  -22.0
15731  -27.0
15765  -34.0
15796  -39.0
15830  -48.0
15864  -51.0
15896  -53.0
15929  -55.0
15964  -57.0
15998  -59.0
16032  -59.0
16065  -59.0
16099  -59.0
16129  -59.0
16165  -59.0
16195  -59.0
16230  -55.0
16262  -52.0
16296  -48.0
16331  -41.0
16365  -31.0
16396  -23.0
16431  -17.0
16465  -11.0
16499  -6.0
16532  1.0
16564  11.0
16596  15.0
16629  23.0
16662  27.0
16696  31.0
16730  35.0
16763  38.0
16799  40.0
16832  41.0
16865  42.0
16896  43.0
16931  43.0
16967  43.0
17000  43.0
17031  43.0
17065  43.0
17102  42.0
17132  39.0
17163  35.0
17195  29.0
17230  25.0
17265  19.0
17296  10.0
17331  1.0
17363  -8.0
17396  -15.0
17429  -18.0
17463  -23.0
17497  -31.0
17530  -35.0
17563  -42.0
17596  -48.0
17630  -51.0
17663  -53.0
17695  -55.0
17731  -57.0
17763  -58.0
17796  -59.0
17829  -59.0
17863  -59.0
17896  -59.0
17931  -59.0
17966  -58.0
18005  -54.0
18032  -51.0
18078  -44.0
18106  -35.0
18132  -29.0
18165  -21.0
18198  -16.0
18232  -10.0
18265  -6.0
18299  1.0
18331  10.0
18365  16.0
18398  22.0
18431  26.0
18465  30.0
18500  34.0
18537  37.0
18566  38.0
18599  39.0
18632  40.0
18665  41.0
18698  41.0
18731  41.0
18765  41.0
18798  41.0
18831  41.0
18865  39.0
18898  35.0
18934  30.0
18967  25.0
19005  19.0
19031  12.0
19064  5.0
19098  -4.0
19132  -11.0
19168  -17.0
19198  -20.0
19231  -25.0
19267  -33.0
19305  -39.0
19336  -47.0
19366  -49.0
19398  -52.0
19431  -54.0
19465  -56.0
19502  -57.0
19533  -58.0
19568  -58.0
19598  -58.0
19631  -58.0
19665  -58.0
19698  -58.0
19731  -55.0
19766  -53.0
19799  -49.0
19836  -41.0
19875  -30.0
19899  -24.0
19939  -18.0
19972  -13.0
20003  -8.0
20032  -3.0
20064  4.0
20097  11.0
20131  18.0
20165  24.0
20198  28.0
20232  31.0
20274  35.0
20301  37.0
20350  39.0
20364  39.0
20397  40.0
20430  40.0
20464  40.0
20503  40.0
20531  40.0
20564  40.0
20598  40.0
20634  36.0
20664  31.0
20698  27.0
20731  23.0
20768  15.0
20798  9.0
20831  0.0
20865  -7.0
20898  -14.0
20931  -19.0
20966  -23.0
20999  -29.0
21032  -34.0
21067  -40.0
21099  -48.0
21135  -50.0
21166  -53.0
21198  -54.0
21231  -56.0
21265  -56.0
21298  -57.0
21332  -57.0
21371  -57.0
21400  -57.0
21438  -57.0
21470  -57.0
21498  -54.0
21531  -52.0
21567  -48.0
21599  -39.0
21634  -31.0
21668  -22.0
21698  -18.0
21731  -13.0
21765  -9.0
21798  -2.0
21837  8.0
21874  13.0
21899  19.0
21932  23.0
21972  27.0
21999  30.0
22032  33.0
22074  35.0
22098  36.0
22131  37.0
22165  37.0
22198  37.0
22232  37.0
22265  37.0
22298  37.0
22331  37.0
22366  35.0
22400  32.0
22437  28.0
22470  23.0
22498  19.0
22531  11.0
22565  4.0
22599  -5.0
22632  -12.0
22666  -17.0
22698  -21.0
22732  -26.0
22767  -33.0
22799  -37.0
22840  -46.0
22870  -50.0
22900  -52.0
22933  -54.0
22965  -55.0
22998  -56.0
23035  -57.0
23065  -57.0
23098  -57.0
23132  -57.0
23173  -57.0
23204  -57.0
23234  -56.0
23265  -53.0
23298  -50.0
23332  -44.0
23365  -35.0
23400  -27.0
23434  -20.0
23471  -15.0
23498  -11.0
23536  -5.0
23565  0.0
23604  9.0
23632  13.0
23665  19.0
23699  24.0
23732  27.0
23766  29.0
23798  32.0
23832  33.0
23865  35.0
23898  35.0
23932  36.0
23965  36.0
23998  36.0
24035  36.0
24066  36.0
24098  36.0
24131  33.0
24165  30.0
24198  26.0
24232  21.0
24268  14.0
24298  9.0
24335  -3.0
24364  -8.0
24398  -14.0
24432  -18.0
24465  -22.0
24499  -28.0
24537  -34.0
24572  -39.0
24602  -46.0
24632  -48.0
24665  -51.0
24698  -52.0
24732  -54.0
24765  -55.0
24798  -55.0
24831  -55.0
24865  -55.0
24898  -55.0
24931  -55.0
24965  -55.0
24998  -54.0
25031  -51.0
25066  -47.0
25099  -38.0
25132  -31.0
25165  -23.0
25200  -18.0
25233  -13.0
25279  -7.0
25300  -3.0
25331  3.0
25365  10.0
25399  14.0
25432  20.0
25465  25.0
25498  27.0
25532  29.0
25566  31.0
25599  33.0
25634  34.0
25669  35.0
25701  35.0
25733  35.0
25772  35.0
25799  35.0
25845  35.0
25866  34.0
25900  31.0
25932  27.0
25965  24.0
25998  18.0
26032  11.0
26065  4.0
26098  -5.0
26131  -11.0
26166  -16.0
26199  -20.0
26231  -24.0
26268  -31.0
26298  -34.0
26332  -38.0
26365  -46.0
26399  -49.0
26432  -51.0
26466  -53.0
26498  -54.0
26539  -54.0
26569  -54.0
26600  -54.0
26632  -54.0
26665  -54.0
26698  -54.0
26734  -54.0
26769  -51.0
26800  -48.0
26833  -42.0
26866  -33.0
26899  -27.0
26934  -20.0
26965  -17.0
26999  -11.0
27043  -5.0
27071  0.0
27099  6.0
27134  10.0
27165  16.0
27199  21.0
27232  25.0
27267  27.0
27301  29.0
27332  31.0
27369  33.0
27401  34.0
27439  34.0
27468  34.0
27510  34.0
27532  34.0
27565  34.0
27601  34.0
27634  31.0
27665  29.0
27699  25.0
27734  20.0
27768  13.0
27800  7.0
27834  -2.0
27868  -7.0
27899  -13.0
27933  -17.0
27965  -20.0
27999  -25.0
28032  -31.0
28068  -34.0
28098  -38.0
28134  -47.0
28165  -48.0
28198  -50.0
28234  -52.0
28269  -52.0
28299  -53.0
28336  -53.0
28367  -53.0
28400  -53.0
28435  -53.0
28465  -53.0
28498  -53.0
28532  -50.0
28565  -45.0
28599  -38.0
28632  -30.0
28666  -23.0
28698  -19.0
28732  -15.0
28765  -10.0
28799  -5.0
28832  0.0
28866  7.0
28899  11.0
28932  17.0
28965  21.0
29004  25.0
29032  27.0
29066  28.0
29099  30.0
29135  31.0
29167  32.0
29198  32.0
29233  32.0
29266  32.0
29299  32.0
29334  32.0
29365  31.0
29400  28.0
29432  25.0
29469  21.0
29507  14.0
29533  10.0
29565  3.0
29598  -5.0
29632  -11.0
29670  -16.0
29700  -20.0
29738  -24.0
29772  -30.0
29799  -33.0
29833  -37.0
29869  -44.0
29898  -48.0
29932  -50.0
29965  -51.0
30009  -52.0
30033  -53.0
30066  -53.0
30099  -53.0
30133  -53.0
30167  -53.0
30198  -53.0
30234  -53.0
30266  -52.0
30299  -49.0
30334  -43.0
30368  -34.0
30398  -29.0
30432  -23.0
30465  -18.0
30499  -14.0
30534  -9.0
30569  -4.0
30599  1.0
30634  8.0
30671  11.0
30703  17.0
30734  21.0
30770  24.0
30799  25.0
30835  27.0
30867  28.0
30899  28.0
30935  29.0
30965  29.0
31000  29.0
31035  29.0
31069  29.0
31106  29.0
31134  28.0
31165  26.0
31198  23.0
31232  18.0
31268  12.0
31299  5.0
31332  -2.0
31365  -8.0
31399  -14.0
31432  -18.0
31467  -22.0
31501  -26.0
31534  -31.0
31568  -35.0
31599  -38.0
31632  -45.0
31665  -48.0
31699  -50.0
31734  -51.0
31766  -52.0
31804  -52.0
31835  -52.0
31866  -52.0
31898  -52.0
31934  -52.0
31966  -52.0
31999  -52.0
32032  -49.0
32065  -46.0
32099  -38.0
32134  -31.0
32165  -24.0
32199  -20.0
32234  -15.0
32268  -11.0
32306  -5.0
32335  -2.0
32368  4.0
32399  9.0
32432  13.0
32466  17.0
32499  21.0
32535  24.0
32568  26.0
32599  26.0
32632  27.0
32665  28.0
32699  28.0
32732  28.0
32766  28.0
32801  28.0
32836  28.0
32868  28.0
32901  26.0
32932  24.0
32966  20.0
32999  13.0
33032  7.0
33065  0.0
33099  -6.0
33132  -12.0
33166  -16.0
33198  -20.0
33239  -24.0
33272  -29.0
33302  -32.0
33336  -36.0
33366  -39.0
33399  -46.0
33432  -48.0
33466  -49.0
33499  -51.0
33533  -51.0
33565  -51.0
33599  -51.0
33632  -51.0
33669  -51.0
33701  -51.0
33734  -51.0
33768  -51.0
33801  -47.0
33832  -42.0
33865  -33.0
33899  -27.0
33938  -21.0
33969  -17.0
34001  -14.0
34033  -10.0
34066  -5.0
34099  -1.0
34133  5.0
34165  9.0
34199  13.0
34232  17.0
34270  21.0
34303  23.0
34337  25.0
34367  26.0
34399  26.0
34432  27.0
34467  27.0
34501  27.0
34537  27.0
34567  27.0
34599  27.0
34632  27.0
34666  25.0
34699  22.0
34735  15.0
34775  8.0
34799  4.0
34832  -3.0
34866  -9.0
34899  -14.0
34939  -17.0
34969  -21.0
35001  -25.0
35035  -26.0
35066  -32.0
35099  -36.0
35133  -40.0
35166  -46.0
35199  -47.0
35234  -48.0
35270  -49.0
35299  -50.0
35332  -50.0
35366  -50.0
35399  -50.0
35433  -50.0
35466  -50.0
35501  -50.0
35539  -48.0
35570  -44.0
35600  -37.0
35633  -30.0
35666  -24.0
35699  -20.0
35732  -16.0
35771  -11.0
35799  -8.0
35838  -2.0
35868  0.0
35907  7.0
35934  9.0
35966  13.0
35999  17.0
36033  20.0
36065  22.0
36099  24.0
36133  25.0
36168  26.0
36199  26.0
36234  26.0
36270  26.0
36300  26.0
36332  26.0
36366  26.0
36399  25.0
36433  22.0
36466  17.0
36501  12.0
36535  7.0
36570  -2.0
36602  -7.0
36635  -12.0
36666  -15.0
36699  -19.0
36733  -22.0
36766  -26.0
36799  -30.0
36832  -33.0
36866  -36.0
36899  -41.0
36932  -46.0
36966  -47.0
36999  -48.0
37033  -49.0
37072  -49.0
37102  -49.0
37134  -49.0
37169  -49.0
37199  -49.0
37235  -49.0
37274  -47.0
37301  -44.0
37335  -37.0
37368  -31.0
37399  -26.0
37433  -21.0
37466  -18.0
37501  -14.0
37535  -10.0
37572  -5.0
37600  -2.0
37632  2.0
37666  7.0
37699  11.0
37738  15.0
37769  19.0
37805  21.0
37832  23.0
37865  24.0
37899  25.0
37937  25.0
37968  25.0
38001  25.0
38038  25.0
38069  25.0
38099  25.0
38133  25.0
38166  22.0
38200  18.0
38232  13.0
38275  7.0
38309  -1.0
38339  -5.0
38368  -10.0
38402  -15.0
38434  -17.0
38466  -20.0
38499  -24.0
38534  -28.0
38568  -32.0
38599  -34.0
38633  -37.0
38667  -43.0
38699  -45.0
38733  -47.0
38766  -48.0
38799  -48.0
38832  -48.0
38868  -48.0
38900  -48.0
38932  -48.0
38972  -48.0
39004  -48.0
39035  -45.0
39067  -41.0
39099  -34.0
39133  -29.0
39166  -23.0
39199  -19.0
39233  -16.0
39269  -12.0
39299  -8.0
39335  -4.0
39366  -1.0
39399  3.0
39433  8.0
39466  12.0
39499  15.0
39534  17.0
39568  20.0
39601  21.0
39635  22.0
39668  23.0
39699  23.0
39733  23.0
39766  23.0
39799  23.0
39833  23.0
39869  23.0
39900  22.0
39935  18.0
39969  14.0
40002  9.0
40034  3.0
40067  -3.0
40100  -8.0
40133  -12.0
40166  -16.0
40200  -19.0
40232  -22.0
40266  -26.0
40300  -30.0
40339  -33.0
40370  -36.0
40402  -38.0
40432  -43.0
40466  -45.0
40500  -46.0
40535  -47.0
40566  -47.0
40599  -47.0
40635  -47.0
40669  -47.0
40700  -47.0
40739  -47.0
40776  -45.0
40799  -43.0
40833  -36.0
40865  -32.0
40899  -26.0
40932  -21.0
40969  -18.0
41002  -14.0
41035  -10.0
41071  -6.0
41099  -3.0
41133  1.0
41166  4.0
41199  8.0
41234  12.0
41266  14.0
41300  17.0
41338  18.0
41372  20.0
41406  21.0
41433  22.0
41466  22.0
41500  22.0
41533  22.0
41566  22.0
41600  22.0
41633  22.0
41668  19.0
41699  16.0
41734  11.0
41775  3.0
41801  -1.0
41835  -5.0
41866  -10.0
41900  -14.0
41933  -17.0
41968  -20.0
42000  -23.0
42034  -28.0
42068  -30.0
42099  -33.0
42133  -35.0
42167  -38.0
42199  -42.0
42233  -44.0
42266  -45.0
42300  -45.0
42334  -45.0
42370  -45.0
42406  -45.0
42432  -45.0
42466  -45.0
42499  -45.0
42535  -42.0
42569  -37.0
42606  -32.0
42635  -27.0
42666  -22.0
42699  -19.0
42733  -15.0
42766  -12.0
42800  -8.0
42835  -4.0
42867  -1.0
42899  2.0
42935  6.0
42967  10.0
43002  13.0
43041  15.0
43087  17.0
43109  18.0
43140  19.0
43173  21.0
43207  21.0
43241  21.0
43278  21.0
43306  21.0
43343  21.0
43374  21.0
43408  19.0
43441  16.0
43476  12.0
43509  7.0
43540  1.0
43574  -4.0
43609  -8.0
43643  -13.0
43680  -16.0
43711  -18.0
43747  -22.0
43776  -25.0
43807  -28.0
43841  -31.0
43875  -33.0
43907  -35.0
43940  -38.0
43974  -42.0
44006  -43.0
44042  -44.0
44073  -44.0
44110  -44.0
44142  -44.0
44175  -44.0
44207  -44.0
44240  -44.0
44276  -43.0
44307  -38.0
44342  -33.0
44374  -28.0
44409  -24.0
44443  -19.0
44478  -16.0
44514  -13.0
44543  -9.0
44575  -6.0
44610  -3.0
44640  0.0
44674  3.0
44706  7.0
44741  10.0
44785  13.0
44809  14.0
44843  15.0
44876  16.0
44906  17.0
44940  18.0
44973  18.0
45006  18.0
45046  18.0
45078  18.0
45114  18.0
45140  18.0
45174  15.0
45207  12.0
45242  8.0
45274  1.0
45307  -2.0
45341  -7.0
45373  -11.0
45407  -14.0
45440  -17.0
45473  -20.0
45508  -23.0
45542  -27.0
45580  -30.0
45609  -32.0
45646  -34.0
45674  -36.0
45708  -39.0
45741  -42.0
45777  -42.0
45808  -43.0
45840  -43.0
45874  -43.0
45908  -43.0
45942  -43.0
45978  -43.0
46008  -43.0
46051  -37.0
46084  -33.0
46124  -28.0
46140  -25.0
46183  -20.0
46209  -18.0
46240  -15.0
46273  -12.0
46307  -8.0
46347  -4.0
46377  -2.0
46410  1.0
46446  4.0
46475  7.0
46506  10.0
46542  12.0
46579  13.0
46614  14.0
46646  15.0
46675  15.0
46707  16.0
46740  16.0
46774  16.0
46809  16.0
46841  16.0
46876  16.0
46907  16.0
46943  12.0
46977  7.0
47007  2.0
47046  -3.0
47078  -6.0
47110  -10.0
47141  -14.0
47176  -16.0
47207  -18.0
47243  -22.0
47274  -25.0
47308  -28.0
47341  -30.0
47376  -32.0
47408  -34.0
47441  -36.0
47474  -39.0
47509  -41.0
47543  -41.0
47576  -42.0
47609  -42.0
47646  -42.0
47675  -42.0
47708  -42.0
47740  -42.0
47775  -41.0
47812  -35.0
47840  -32.0
47876  -27.0
47910  -22.0
47944  -19.0
47974  -17.0
48007  -14.0
48042  -10.0
48074  -7.0
48107  -4.0
48143  -2.0
48177  1.0
48207  4.0
48243  7.0
48275  10.0
48307  11.0
48343  12.0
48377  13.0
48407  13.0
48441  13.0
48478  13.0
48509  13.0
48544  13.0
48575  13.0
48608  13.0
48642  13.0
48675  10.0
48707  7.0
48742  1.0
48774  -2.0
48807  -5.0
48840  -9.0
48874  -14.0
48907  -17.0
48947  -19.0
48977  -22.0
49009  -25.0
49041  -28.0
49075  -30.0
49107  -32.0
49141  -34.0
49174  -35.0
49207  -37.0
49244  -40.0
49274  -41.0
49308  -42.0
49340  -42.0
49374  -42.0
49407  -42.0
49444  -42.0
49477  -42.0
49510  -42.0
49546  -37.0
49584  -33.0
49619  -29.0
49650  -24.0
49683  -22.0
49717  -19.0
49750  -16.0
49783  -13.0
49817  -9.0
49849  -6.0
49883  -4.0
49917  -1.0
49956  1.0
49990  4.0
50020  7.0
50050  8.0
50083  9.0
50117  10.0
50150  10.0
50183  10.0
50217  10.0
50249  11.0
50283  11.0
50318  11.0
50350  11.0
50384  11.0
50418  9.0
50449  5.0
50483  1.0
50523  -3.0
50551  -6.0
50590  -11.0
50618  -14.0
50650  -16.0
50683  -19.0
50722  -22.0
50752  -24.0
50790  -28.0
50819  -30.0
50850  -31.0
50883  -33.0
50916  -34.0
50955  -36.0
50990  -38.0
51020  -39.0
51052  -39.0
51084  -39.0
51116  -39.0
51150  -39.0
51183  -39.0
51216  -39.0
51249  -39.0
51288  -36.0
51319  -33.0
51352  -29.0
51384  -25.0
51416  -22.0
51450  -18.0
51483  -17.0
51523  -13.0
51557  -9.0
51587  -7.0
51619  -4.0
51651  -2.0
51683  -1.0
51717  2.0
51750  4.0
51783  6.0
51818  8.0
51857  9.0
51889  9.0
51920  10.0
51950  10.0
51983  10.0
52016  10.0
52050  10.0
52085  10.0
52124  10.0
52155  10.0
52185  5.0
52216  2.0
52250  -1.0
52283  -4.0
52319  -8.0
52350  -12.0
52383  -15.0
52418  -17.0
52450  -19.0
52483  -22.0
52523  -26.0
52556  -28.0
52590  -30.0
52616  -31.0
52650  -32.0
52683  -33.0
52722  -35.0
52754  -35.0
52795  -36.0
52823  -36.0
52851  -36.0
52884  -36.0
52916  -36.0
52951  -36.0
52989  -36.0
53020  -36.0
53055  -33.0
53085  -30.0
53116  -27.0
53150  -23.0
53187  -19.0
53227  -17.0
53253  -15.0
53285  -12.0
53317  -8.0
53350  -6.0
53383  -4.0
53417  -2.0
53450  0.0
53483  2.0
53517  3.0
53552  5.0
53585  6.0
53617  7.0
53651  7.0
53684  7.0
53717  7.0
53751  7.0
53784  7.0
53819  7.0
53855  7.0
53887  7.0
53920  3.0
53951  1.0
53984  -2.0
54017  -5.0
54054  -8.0
54086  -12.0
54123  -16.0
54151  -18.0
54183  -19.0
54216  -22.0
54249  -25.0
54283  -28.0
54321  -30.0
54356  -31.0
54386  -33.0
54417  -33.0
54450  -34.0
54483  -35.0
54519  -35.0
54552  -35.0
54590  -35.0
54622  -35.0
54650  -35.0
54684  -35.0
54717  -35.0
54750  -35.0
54784  -33.0
54817  -32.0
54851  -28.0
54883  -24.0
54917  -21.0
54951  -18.0
54988  -16.0
55022  -13.0
55055  -9.0
55085  -7.0
55118  -5.0
55150  -3.0
55183  -2.0
55217  0.0
55250  2.0
55285  3.0
55319  3.0
55350  4.0
55384  4.0
55423  5.0
55455  5.0
55490  5.0
55521  5.0
55554  5.0
55583  5.0
55617  5.0
55650  4.0
55684  2.0
55716  -1.0
55752  -4.0
55789  -7.0
55818  -10.0
55856  -14.0
55885  -16.0
55918  -18.0
55950  -21.0
55985  -23.0
56017  -26.0
56051  -28.0
56083  -29.0
56117  -31.0
56150  -32.0
56184  -32.0
56217  -33.0
56250  -34.0
56283  -34.0
56322  -34.0
56352  -34.0
56389  -34.0
56417  -34.0
56450  -34.0
56483  -34.0
56517  -34.0
56559  -31.0
56591  -28.0
56622  -24.0
56650  -22.0
56684  -19.0
56718  -17.0
56750  -14.0
56786  -12.0
56817  -8.0
56850  -6.0
56885  -4.0
56917  -3.0
56950  -1.0
56989  0.0
57019  1.0
57055  2.0
57087  2.0
57119  2.0
57150  2.0
57183  2.0
57217  2.0
57250  2.0
57284  2.0
57319  2.0
57355  2.0
57389  2.0
57422  -1.0
57450  -2.0
57483  -5.0
57519  -8.0
57554  -10.0
57590  -15.0
57620  -17.0
57654  -19.0
57685  -21.0
57717  -23.0
57750  -26.0
57784  -28.0
57820  -30.0
57851  -31.0
57883  -32.0
57917  -33.0
57950  -33.0
57983  -33.0
58017  -34.0
58051  -34.0
58084  -34.0
58117  -34.0
58151  -34.0
58185  -34.0
58217  -34.0
58254  -34.0
58285  -32.0
58318  -30.0
58357  -26.0
58389  -23.0
58419  -21.0
58450  -19.0
58484  -17.0
58517  -14.0
58557  -10.0
58590  -8.0
58620  -7.0
58653  -5.0
58685  -4.0
58719  -2.0
58750  -1.0
58784  -1.0
58817  0.0
58850  0.0
58885  0.0
58917  0.0
58950  0.0
58983  0.0
59022  0.0
59053  0.0
59089  0.0
59119  0.0
59151  -2.0
59184  -3.0
59217  -5.0
59251  -8.0
59284  -11.0
59320  -15.0
59360  -18.0
59385  -19.0
59417  -21.0
59450  -23.0
59484  -26.0
59517  -28.0
59553  -30.0
59584  -31.0
59618  -32.0
59650  -33.0
59684  -33.0
59717  -34.0
59750  -34.0
59784  -34.0
59817  -34.0
59850  -34.0
59885  -34.0
59920  -34.0
59954  -34.0
59985  -34.0
60023  -34.0
60054  -31.0
60091  -28.0
60117  -25.0
60151  -23.0
60185  -20.0
60217  -18.0
60252  -16.0
60284  -13.0
60317  -11.0
60356  -8.0
60389  -7.0
60421  -6.0
60451  -5.0
60484  -4.0
60518  -3.0
60558  -2.0
60588  -2.0
60619  -2.0
60652  -2.0
60685  -2.0
60717  -2.0
60750  -2.0
60784  -2.0
60820  -2.0
60854  -2.0
60893  -2.0
60919  -4.0
60954  -6.0
60986  -8.0
61019  -11.0
61055  -14.0
61086  -16.0
61122  -19.0
61155  -21.0
61185  -23.0
61219  -25.0
61253  -28.0
61286  -29.0
61320  -30.0
61352  -31.0
61386  -32.0
61419  -32.0
61453  -33.0
61491  -33.0
61525  -33.0
61571  -33.0
61589  -33.0
61620  -33.0
61652  -33.0
61686  -33.0
61719  -33.0
61753  -33.0
61786  -30.0
61819  -28.0
61853  -25.0
61886  -22.0
61920  -20.0
61955  -18.0
61986  -16.0
62026  -13.0
62055  -11.0
62088  -8.0
62125  -7.0
62154  -6.0
62186  -5.0
62219  -4.0
62253  -3.0
62286  -3.0
62319  -2.0
62355  -2.0
62386  -2.0
62422  -2.0
62455  -2.0
62486  -2.0
62520  -2.0
62553  -2.0
62586  -2.0
62620  -2.0
62652  -4.0
62688  -5.0
62726  -7.0
62756  -10.0
62791  -13.0
62821  -15.0
62852  -17.0
62886  -19.0
62920  -21.0
62953  -23.0
62986  -25.0
63019  -27.0
63054  -29.0
63086  -30.0
63120  -30.0
63153  -31.0
63186  -31.0
63219  -31.0
63253  -31.0
63286  -31.0
63319  -31.0
63356  -31.0
63386  -31.0
63419  -31.0
63456  -31.0
63488  -31.0
63521  -29.0
63556  -27.0
63588  -24.0
63619  -21.0
63652  -19.0
63686  -17.0
63724  -15.0
63758  -13.0
63792  -10.0
63820  -9.0
63854  -7.0
63886  -6.0
63919  -5.0
63953  -4.0
63986  -3.0
64019  -3.0
64053  -3.0
64086  -2.0
64120  -2.0
64152  -2.0
64186  -2.0
64219  -2.0
64253  -2.0
64286  -2.0
64319  -2.0
64353  -2.0
64387  -2.0
64420  -4.0
64453  -6.0
64486  -9.0
64519  -11.0
64553  -13.0
64586  -16.0
64619  -18.0
64653  -19.0
64686  -21.0
64722  -23.0
64760  -26.0
64792  -27.0
64821  -28.0
64856  -29.0
64886  -29.0
64919  -29.0
64953  -29.0
64986  -29.0
65019  -29.0
65056  -29.0
65092  -29.0
65126  -29.0
65154  -29.0
65185  -29.0
65219  -29.0
65253  -29.0
65286  -26.0
65320  -23.0
65353  -21.0
65386  -19.0
65422  -17.0
65455  -15.0
65488  -13.0
65521  -11.0
65554  -8.0
65589  -7.0
65619  -6.0
65653  -5.0
65686  -4.0
65720  -3.0
65752  -3.0
65786  -2.0
65819  -2.0
65853  -2.0
65886  -2.0
65919  -2.0
65955  -2.0
65992  -2.0
66024  -2.0
66056  -2.0
66087  -2.0
66120  -2.0
66153  -4.0
66186  -6.0
66219  -8.0
66253  -10.0
66286  -12.0
66319  -14.0
66353  -16.0
66386  -18.0
66420  -20.0
66453  -21.0
66487  -23.0
66520  -25.0
66553  -26.0
66586  -27.0
66620  -27.0
66653  -28.0
66686  -28.0
66719  -28.0
66753  -28.0
66786  -28.0
66820  -28.0
66853  -28.0
66886  -28.0
66920  -28.0
66954  -28.0
66986  -28.0
67020  -26.0
67053  -24.0
67088  -21.0
67120  -19.0
67153  -17.0
67187  -16.0
67219  -14.0
67253  -12.0
67286  -10.0
67322  -8.0
67355  -6.0
67386  -6.0
67419  -5.0
67453  -4.0
67487  -4.0
67520  -3.0
67553  -3.0
67590  -3.0
67623  -3.0
67656  -3.0
67687  -3.0
67720  -3.0
67753  -3.0
67786  -3.0
67820  -3.0
67855  -3.0
67891  -6.0
67924  -7.0
67955  -9.0
67986  -11.0
68020  -13.0
68053  -15.0
68086  -17.0
68120  -18.0
68153  -20.0
68190  -22.0
68224  -23.0
68258  -25.0
68289  -26.0
68321  -27.0
68353  -27.0
68386  -28.0
68420  -28.0
68453  -28.0
68486  -28.0
68523  -28.0
68555  -28.0
68591  -28.0
68623  -28.0
68653  -28.0
68687  -28.0
68720  -28.0
68753  -25.0
68786  -24.0
68821  -22.0
68853  -19.0
68886  -18.0
68920  -16.0
68953  -14.0
68986  -12.0
69020  -11.0
69053  -9.0
69090  -8.0
69125  -6.0
69159  -5.0
69186  -5.0
69220  -4.0
69253  -4.0
69286  -4.0
69325  -4.0
69360  -4.0
69393  -4.0
69419  -4.0
69453  -4.0
69486  -4.0
69522  -4.0
69555  -4.0
69591  -4.0
69621  -5.0
69653  -7.0
69686  -9.0
69719  -10.0
69754  -13.0
69792  -15.0
69830  -17.0
69858  -18.0
69887  -19.0
69920  -21.0
69953  -22.0
69987  -23.0
70022  -25.0
70053  -26.0
70086  -26.0
70120  -27.0
70156  -27.0
70186  -27.0
70221  -27.0
70254  -27.0
70286  -27.0
70325  -27.0
70358  -27.0
70388  -27.0
70420  -27.0
70454  -27.0
70486  -26.0
70519  -24.0
70559  -22.0
70594  -19.0
70628  -18.0
70654  -17.0
70686  -15.0
70720  -13.0
70754  -11.0
70792  -9.0
70826  -8.0
70855  -7.0
70886  -6.0
70920  -6.0
70953  -5.0
70987  -5.0
71020  -5.0
71053  -4.0
71087  -4.0
71120  -4.0
71153  -4.0
71186  -4.0
71225  -4.0
71255  -4.0
71292  -4.0
71320  -4.0
71355  -4.0
71387  -6.0
71420  -8.0
71454  -9.0
71486  -11.0
71520  -13.0
71558  -15.0
71594  -16.0
71622  -18.0
71654  -19.0
71687  -20.0
71722  -21.0
71756  -23.0
71786  -24.0
71822  -25.0
71854  -25.0
71886  -25.0
71920  -25.0
71954  -25.0
71988  -25.0
72027  -25.0
72058  -25.0
72093  -25.0
72120  -25.0
72153  -25.0
72187  -25.0
72225  -25.0
72255  -22.0
72289  -21.0
72325  -19.0
72354  -17.0
72387  -16.0
72420  -14.0
72453  -13.0
72487  -11.0
72520  -10.0
72555  -8.0
72590  -7.0
72623  -6.0
72657  -5.0
72686  -5.0
72719  -5.0
72754  -4.0
72787  -4.0
72820  -4.0
72853  -4.0
72887  -4.0
72920  -4.0
72953  -4.0
72987  -4.0
73026  -4.0
73057  -4.0
73092  -4.0
73120  -5.0
73153  -7.0
73186  -8.0
73220  -10.0
73253  -12.0
73287  -13.0
73323  -15.0
73357  -16.0
73386  -17.0
73420  -18.0
73455  -19.0
73489  -20.0
73522  -21.0
73555  -22.0
73586  -23.0
73620  -23.0
73653  -23.0
73687  -23.0
73720  -23.0
73753  -23.0
73789  -23.0
73827  -23.0
73857  -23.0
73889  -23.0
73920  -23.0
73953  -23.0
73987  -22.0
74025  -19.0
74055  -18.0
74093  -16.0
74129  -15.0
74153  -14.0
74187  -12.0
74220  -11.0
74254  -10.0
74287  -8.0
74324  -7.0
74355  -6.0
74387  -6.0
74420  -5.0
74453  -4.0
74486  -4.0
74521  -4.0
74553  -4.0
74591  -4.0
74627  -4.0
74656  -4.0
74687  -4.0
74719  -4.0
74754  -4.0
74787  -4.0
74828  -4.0
74857  -5.0
74893  -6.0
74922  -8.0
74953  -9.0
74987  -11.0
75026  -12.0
75057  -13.0
75092  -15.0
75123  -15.0
75155  -16.0
75187  -17.0
75220  -18.0
75256  -19.0
75292  -20.0
75325  -20.0
75356  -21.0
75387  -21.0
75420  -21.0
75454  -21.0
75486  -21.0
75520  -21.0
75554  -21.0
75587  -21.0
75620  -21.0
75653  -21.0
75687  -21.0
75720  -21.0
75754  -19.0
75787  -18.0
75831  -16.0
75859  -15.0
75893  -14.0
75920  -13.0
75954  -12.0
75987  -10.0
76023  -9.0
76059  -8.0
76096  -7.0
76126  -6.0
76155  -6.0
76186  -6.0
76220  -5.0
76257  -5.0
76292  -5.0
76337  -5.0
76356  -5.0
76387  -5.0
76420  -5.0
76454  -5.0
76487  -5.0
76521  -5.0
76553  -5.0
76590  -6.0
76622  -7.0
76658  -9.0
76689  -10.0
76720  -12.0
76754  -13.0
76787  -14.0
76825  -15.0
76856  -16.0
76892  -17.0
76920  -18.0
76954  -18.0
76986  -19.0
77022  -20.0
77054  -20.0
77087  -20.0
77120  -20.0
77154  -20.0
77187  -20.0
77221  -20.0
77253  -20.0
77287  -20.0
77321  -20.0
77354  -20.0
77393  -20.0
77422  -20.0
77459  -20.0
77487  -20.0
77522  -18.0
77555  -17.0
77588  -15.0
77620  -14.0
77654  -13.0
77687  -12.0
77725  -11.0
77755  -10.0
77789  -9.0
77823  -8.0
77854  -7.0
77887  -7.0
77920  -6.0
77954  -6.0
77987  -6.0
78021  -6.0
78057  -6.0
78089  -6.0
78122  -6.0
78154  -6.0
78187  -6.0
78221  -6.0
78256  -6.0
78289  -6.0
78322  -6.0
78356  -7.0
78387  -9.0
78420  -10.0
78453  -11.0
78489  -13.0
78526  -14.0
78558  -15.0
78595  -16.0
78623  -16.0
78654  -17.0
78687  -18.0
78721  -18.0
78754  -19.0
78787  -19.0
78826  -19.0
78859  -19.0
78891  -19.0
78923  -19.0
78954  -19.0
78986  -19.0
79021  -19.0
79054  -19.0
79088  -19.0
79121  -19.0
79154  -19.0
79187  -19.0
79221  -19.0
79254  -17.0
79292  -16.0
79325  -15.0
79366  -14.0
79388  -13.0
79421  -12.0
79454  -11.0
79487  -10.0
79521  -9.0
79554  -9.0
79589  -8.0
79621  -7.0
79654  -7.0
79687  -7.0
79721  -7.0
79754  -7.0
79787  -7.0
79822  -7.0
79859  -7.0
79893  -7.0
79926  -7.0
79954  -7.0
79986  -7.0
80024  -7.0
80053  -7.0
80087  -7.0
80122  -10.0
80154  -10.0
80187  -11.0
80221  -13.0
80254  -13.0
80287  -14.0
80321  -15.0
80355  -16.0
80387  -16.0
80421  -17.0
80454  -18.0
80487  -18.0
80525  -18.0
80556  -18.0
80591  -18.0
80620  -18.0
80653  -18.0
80687  -18.0
80725  -18.0
80756  -18.0
80792  -18.0
80822  -18.0
80854  -18.0
80887  -18.0
80920  -18.0
80954  -18.0
80987  -18.0
81021  -16.0
81055  -15.0
81091  -14.0
81127  -13.0
81157  -12.0
81187  -12.0
81222  -11.0
81256  -10.0
81290  -9.0
81326  -9.0
81359  -8.0
81392  -8.0
81420  -7.0
81453  -7.0
81487  -7.0
81524  -7.0
81559  -7.0
81591  -7.0
81623  -7.0
81657  -7.0
81688  -7.0
81720  -7.0
81754  -7.0
81788  -7.0
81820  -7.0
81856  -9.0
81889  -9.0
81935  -11.0
81957  -12.0
81999  -13.0
