4424  0.0
4468  7.0
4491  8.0
4537  12.0
4578  15.0
4605  18.0
4637  21.0
4669  24.0
4711  28.0
4738  33.0
4769  38.0
4813  44.0
4839  46.0
4875  49.0
4908  53.0
4942  55.0
4970  56.0
5003  58.0
5036  61.0
5073  63.0
5109  65.0
5148  66.0
5172  67.0
5208  68.0
5242  69.0
5269  70.0
5305  71.0
5341  71.0
5369  71.0
5403  72.0
5436  72.0
5469  73.0
5503  73.0
5537  73.0
5584  70.0
5617  65.0
5663  55.0
5682  52.0
5723  41.0
5753  33.0
5780  21.0
5826  9.0
5867  -4.0
5900  -10.0
5934  -24.0
5967  -34.0
6001  -40.0
6024  -48.0
6078  -56.0
6098  -64.0
6127  -67.0
6170  -72.0
6194  -73.0
6231  -74.0
6261  -75.0
6294  -75.0
6336  -75.0
6360  -75.0
6394  -73.0
6428  -69.0
6460  -64.0
6494  -52.0
6528  -43.0
6564  -33.0
6594  -25.0
6626  -18.0
6664  -3.0
6695  7.0
6726  13.0
6762  22.0
6795  31.0
6829  41.0
6869  52.0
6895  56.0
6929  60.0
6969  64.0
7003  67.0
7037  69.0
7062  69.0
7096  69.0
7128  69.0
7160  69.0
7194  69.0
7226  66.0
7260  60.0
7293  53.0
7328  48.0
7360  40.0
7399  25.0
7437  12.0
7472  5.0
7493  -1.0
7527  -11.0
7563  -24.0
7593  -33.0
7627  -38.0
7664  -49.0
7694  -52.0
7730  -59.0
7763  -68.0
7794  -71.0
7830  -73.0
7861  -73.0
7897  -74.0
7929  -74.0
7963  -74.0
7994  -74.0
8028  -74.0
8062  -69.0
8094  -64.0
8128  -53.0
8168  -42.0
8202  -34.0
8231  -24.0
8260  -19.0
8295  -5.0
8331  5.0
8366  14.0
8394  20.0
8428  28.0
8460  38.0
8494  47.0
8532  53.0
8568  57.0
8596  60.0
8631  63.0
8665  66.0
8696  66.0
8730  66.0
8763  66.0
8796  66.0
8830  66.0
8866  61.0
8901  55.0
8934  50.0
8966  43.0
8999  35.0
9030  22.0
9069  12.0
9100  5.0
9130  -5.0
9169  -16.0
9199  -25.0
9229  -33.0
9262  -39.0
9297  -48.0
9329  -53.0
9362  -59.0
9397  -68.0
9429  -71.0
9462  -73.0
9496  -73.0
9530  -74.0
9569  -74.0
9598  -74.0
9632  -74.0
9667  -72.0
9695  -69.0
9732  -62.0
9770  -51.0
9796  -43.0
9833  -34.0
9863  -27.0
9899  -17.0
9932  -6.0
9966  4.0
9996  11.0
10029  19.0
10074  29.0
10096  36.0
10129  44.0
10162  50.0
10196  54.0
10230  57.0
10265  60.0
10295  62.0
10332  63.0
10363  63.0
10396  63.0
10429  63.0
10463  63.0
10496  59.0
10529  54.0
10583  44.0
10614  37.0
10639  30.0
10666  19.0
10705  9.0
10740  2.0
10769  -6.0
10800  -16.0
10840  -27.0
10868  -35.0
10898  -40.0
10931  -48.0
10965  -53.0
11001  -59.0
11035  -69.0
11074  -72.0
11099  -73.0
11132  -73.0
11165  -73.0
11198  -73.0
11231  -73.0
11265  -73.0
11300  -71.0
11332  -67.0
11365  -60.0
11400  -50.0
11431  -42.0
11465  -34.0
11498  -26.0
11536  -17.0
11571  -5.0
11598  2.0
11635  12.0
11665  18.0
11698  25.0
11731  34.0
11767  43.0
11801  49.0
11846  54.0
11875  56.0
11898  58.0
11932  60.0
11965  61.0
11999  61.0
12032  61.0
12069  61.0
12099  61.0
12131  56.0
12165  52.0
12198  47.0
12232  39.0
12265  31.0
12298  18.0
12334  10.0
12365  3.0
12398  -6.0
12431  -15.0
12466  -26.0
12499  -35.0
12532  -40.0
12569  -48.0
12602  -53.0
12636  -59.0
12667  -68.0
12699  -69.0
12732  -71.0
12765  -72.0
12804  -72.0
12834  -72.0
12870  -72.0
12900  -72.0
12931  -71.0
12965  -67.0
12998  -59.0
13032  -49.0
13069  -41.0
13101  -32.0
13134  -24.0
13166  -18.0
13199  -6.0
13232  3.0
13271  11.0
13302  19.0
13335  25.0
13365  33.0
13398  41.0
13432  48.0
13465  52.0
13501  53.0
13535  56.0
13567  58.0
13602  59.0
13632  59.0
13665  59.0
13698  59.0
13735  58.0
13766  55.0
13805  49.0
13847  41.0
13880  33.0
13900  29.0
13931  18.0
13965  9.0
14000  2.0
14033  -6.0
14070  -16.0
14107  -27.0
14139  -36.0
14169  -40.0
14199  -47.0
14234  -52.0
14268  -57.0
14300  -66.0
14333  -69.0
14366  -70.0
14400  -71.0
14433  -71.0
14465  -71.0
14499  -71.0
14532  -71.0
14565  -71.0
14606  -64.0
14636  -55.0
14673  -48.0
14700  -40.0
14732  -33.0
14765  -26.0
14802  -17.0
14838  -6.0
14874  4.0
14902  9.0
14935  16.0
14966  22.0
14998  29.0
15032  39.0
15066  45.0
15100  49.0
15133  51.0
15165  53.0
15202  54.0
15232  55.0
15266  55.0
15300  55.0
15334  55.0
15366  55.0
15401  52.0
15435  47.0
15472  41.0
15503  33.0
15539  21.0
15573  13.0
15599  8.0
15632  0.0
15665  -9.0
15701  -19.0
15735  -27.0
15766  -36.0
15802  -41.0
15842  -50.0
15877  -55.0
15908  -59.0
15932  -65.0
15965  -68.0
15999  -70.0
16032  -70.0
16078  -71.0
16102  -71.0
16135  -71.0
16168  -71.0
16198  -71.0
16232  -65.0
16267  -55.0
16299  -49.0
16333  -41.0
16366  -33.0
16399  -26.0
16432  -18.0
16466  -8.0
16502  2.0
16532  7.0
16566  15.0
16599  21.0
16633  28.0
16668  37.0
16702  43.0
16732  46.0
16766  49.0
16801  51.0
16834  52.0
16869  52.0
16917  52.0
16932  52.0
16966  52.0
16999  52.0
17035  49.0
17065  44.0
17101  38.0
17133  31.0
17166  21.0
17201  11.0
17235  5.0
17266  -1.0
17298  -12.0
17332  -21.0
17366  -29.0
17399  -36.0
17433  -42.0
17466  -47.0
17500  -54.0
17534  -58.0
17579  -67.0
17601  -68.0
17632  -70.0
17666  -70.0
17699  -71.0
17732  -71.0
17766  -71.0
17799  -71.0
17835  -69.0
17866  -65.0
17899  -55.0
17932  -48.0
17967  -40.0
18002  -33.0
18032  -27.0
18066  -18.0
18101  -9.0
18134  0.0
18166  6.0
18199  13.0
18234  19.0
18273  28.0
18301  35.0
18350  42.0
18374  45.0
18408  47.0
18440  48.0
18472  49.0
18507  49.0
18542  49.0
18581  49.0
18606  49.0
18642  49.0
18673  45.0
18706  40.0
18739  34.0
18773  25.0
18806  16.0
18849  6.0
18885  0.0
18916  -10.0
18945  -16.0
18979  -27.0
19011  -34.0
19045  -39.0
19079  -44.0
19115  -52.0
19151  -56.0
19178  -60.0
19212  -65.0
19246  -69.0
19278  -69.0
19312  -70.0
19348  -70.0
19378  -70.0
19411  -70.0
19445  -70.0
19478  -66.0
19514  -57.0
19546  -51.0
19586  -42.0
19611  -37.0
19651  -29.0
19678  -24.0
19712  -13.0
19745  -5.0
19777  3.0
19813  8.0
19846  16.0
19878  20.0
19914  29.0
19948  35.0
19978  40.0
20013  43.0
20045  46.0
20078  47.0
20114  48.0
20149  48.0
20178  48.0
20211  48.0
20244  48.0
20279  48.0
20313  44.0
20346  38.0
20378  33.0
20411  20.0
20445  14.0
20478  7.0
20512  1.0
20545  -8.0
20580  -17.0
20613  -26.0
20645  -32.0
20678  -39.0
20711  -42.0
20748  -51.0
20778  -54.0
20812  -58.0
20847  -61.0
20878  -67.0
20914  -67.0
20948  -68.0
20978  -68.0
21012  -68.0
21045  -68.0
21083  -68.0
21115  -62.0
21151  -55.0
21179  -49.0
21213  -42.0
21247  -35.0
21278  -29.0
21312  -22.0
21347  -12.0
21378  -6.0
21412  3.0
21445  8.0
21478  15.0
21512  19.0
21547  28.0
21580  33.0
21612  38.0
21647  42.0
21678  44.0
21711  46.0
21744  46.0
21778  46.0
21814  46.0
21859  46.0
21878  46.0
21913  44.0
21947  39.0
21979  35.0
22017  26.0
22050  17.0
22089  8.0
22111  5.0
22150  -3.0
22180  -12.0
22211  -18.0
22244  -28.0
22278  -34.0
22313  -40.0
22348  -43.0
22378  -51.0
22412  -55.0
22444  -58.0
22478  -60.0
22514  -65.0
22544  -67.0
22578  -67.0
22614  -67.0
22649  -67.0
22679  -67.0
22711  -67.0
22746  -60.0
22778  -55.0
22812  -47.0
22850  -40.0
22878  -34.0
22912  -28.0
22945  -21.0
22978  -12.0
23011  -5.0
23044  3.0
23078  8.0
23113  15.0
23145  20.0
23179  26.0
23212  32.0
23245  36.0
23278  40.0
23312  43.0
23346  44.0
23378  44.0
23411  44.0
23447  44.0
23478  44.0
23511  44.0
23545  42.0
23578  37.0
23612  32.0
23645  24.0
23679  16.0
23712  8.0
23751  2.0
23781  -4.0
23812  -12.0
23845  -20.0
23878  -28.0
23911  -35.0
23945  -40.0
23978  -43.0
24013  -51.0
24047  -54.0
24078  -58.0
24113  -59.0
24145  -61.0
24179  -63.0
24212  -65.0
24246  -65.0
24279  -65.0
24312  -65.0
24349  -62.0
24378  -58.0
24415  -52.0
24451  -44.0
24479  -39.0
24513  -33.0
24545  -27.0
24578  -21.0
24616  -10.0
24649  -2.0
24678  3.0
24712  9.0
24746  15.0
24778  19.0
24812  25.0
24846  32.0
24879  35.0
24912  38.0
24945  41.0
24978  42.0
25012  42.0
25044  42.0
25078  42.0
25112  42.0
25146  42.0
25178  40.0
25214  35.0
25248  30.0
25278  19.0
25312  15.0
25351  6.0
25378  2.0
25411  -5.0
25445  -13.0
25478  -21.0
25514  -29.0
25548  -35.0
25578  -39.0
25615  -44.0
25648  -50.0
25678  -54.0
25712  -57.0
25746  -58.0
25779  -60.0
25815  -60.0
25847  -61.0
25879  -61.0
25912  -61.0
25945  -61.0
25978  -60.0
26013  -56.0
26046  -51.0
26079  -44.0
26114  -38.0
26147  -31.0
26179  -26.0
26212  -19.0
26245  -11.0
26278  -3.0
26312  3.0
26349  8.0
26378  14.0
26413  18.0
26445  23.0
26478  30.0
26513  33.0
26546  36.0
26578  38.0
26613  39.0
26646  39.0
26679  39.0
26711  39.0
26745  39.0
26778  39.0
26815  35.0
26850  30.0
26878  26.0
26912  17.0
26945  10.0
26978  4.0
27019  -2.0
27049  -9.0
27081  -16.0
27111  -27.0
27147  -31.0
27178  -37.0
27212  -40.0
27245  -44.0
27278  -49.0
27312  -55.0
27349  -57.0
27379  -58.0
27413  -59.0
27445  -60.0
27478  -60.0
27514  -60.0
27546  -60.0
27578  -60.0
27612  -59.0
27647  -55.0
27679  -49.0
27713  -42.0
27746  -37.0
27778  -31.0
27814  -26.0
27849  -17.0
27878  -11.0
27915  -2.0
27947  3.0
27980  8.0
28015  14.0
28045  17.0
28079  22.0
28115  28.0
28145  32.0
28178  34.0
28214  36.0
28249  37.0
28286  37.0
28317  37.0
28351  37.0
28379  37.0
28412  37.0
28446  34.0
28478  30.0
28512  22.0
28546  16.0
28578  9.0
28612  3.0
28648  -1.0
28679  -10.0
28718  -17.0
28748  -27.0
28779  -30.0
28814  -37.0
28846  -40.0
28879  -44.0
28912  -48.0
28945  -53.0
28979  -55.0
29012  -57.0
29051  -57.0
29082  -58.0
29115  -58.0
29148  -58.0
29179  -58.0
29212  -58.0
29246  -57.0
29278  -54.0
29312  -46.0
29350  -40.0
29378  -36.0
29412  -30.0
29446  -25.0
29480  -16.0
29516  -9.0
29553  0.0
29579  4.0
29612  7.0
29646  14.0
29679  17.0
29712  21.0
29749  27.0
29779  30.0
29818  33.0
29852  34.0
29880  34.0
29914  34.0
29947  34.0
29979  34.0
30013  34.0
30046  34.0
30078  30.0
30116  25.0
30145  18.0
30179  12.0
30212  5.0
30247  1.0
30279  -5.0
30312  -12.0
30346  -18.0
30379  -28.0
30412  -33.0
30445  -38.0
30479  -41.0
30512  -45.0
30545  -49.0
30579  -54.0
30614  -56.0
30649  -57.0
30686  -58.0
30711  -58.0
30745  -58.0
30779  -58.0
30818  -58.0
30861  -58.0
30881  -55.0
30916  -51.0
30948  -45.0
30978  -40.0
31011  -35.0
31045  -29.0
31079  -24.0
31112  -17.0
31146  -10.0
31178  -2.0
31212  3.0
31245  6.0
31278  13.0
31315  16.0
31351  20.0
31379  23.0
31412  28.0
31446  30.0
31479  31.0
31514  31.0
31546  31.0
31578  31.0
31614  31.0
31652  31.0
31683  31.0
31711  26.0
31745  20.0
31778  14.0
31811  8.0
31858  1.0
31885  -3.0
31919  -10.0
31946  -15.0
31979  -24.0
32014  -30.0
32052  -36.0
32084  -40.0
32117  -43.0
32151  -46.0
32179  -50.0
32212  -54.0
32245  -56.0
32279  -57.0
32314  -57.0
32348  -57.0
32379  -57.0
32414  -57.0
32446  -57.0
32479  -57.0
32514  -54.0
32545  -49.0
32579  -44.0
32622  -37.0
32660  -31.0
32681  -28.0
32714  -22.0
32746  -15.0
32779  -9.0
32815  -1.0
32853  4.0
32878  7.0
32912  12.0
32945  15.0
32979  18.0
33012  22.0
33047  25.0
33081  28.0
33116  29.0
33148  29.0
33178  29.0
33212  29.0
33246  29.0
33279  29.0
33313  29.0
33345  22.0
33379  18.0
33412  12.0
33446  7.0
33479  2.0
33512  -3.0
33548  -9.0
33579  -16.0
33624  -27.0
33648  -30.0
33686  -37.0
33716  -39.0
33748  -42.0
33778  -45.0
33812  -49.0
33845  -53.0
33879  -54.0
33912  -55.0
33945  -56.0
33979  -56.0
34013  -56.0
34046  -56.0
34080  -56.0
34130  -54.0
34150  -51.0
34180  -47.0
34218  -41.0
34248  -36.0
34279  -32.0
34312  -27.0
34345  -22.0
34379  -14.0
34418  -6.0
34448  -1.0
34480  3.0
34514  7.0
34546  11.0
34579  15.0
34614  18.0
34646  20.0
34679  23.0
34713  25.0
34745  26.0
34779  27.0
34812  27.0
34856  27.0
34881  27.0
34919  27.0
34947  24.0
34978  19.0
35012  15.0
35045  9.0
35079  5.0
35115  0.0
35146  -5.0
35179  -12.0
35212  -18.0
35247  -27.0
35279  -31.0
35313  -37.0
35346  -40.0
35379  -43.0
35413  -45.0
35445  -49.0
35479  -52.0
35513  -54.0
35545  -54.0
35579  -55.0
35614  -55.0
35646  -55.0
35679  -55.0
35713  -55.0
35751  -54.0
35781  -49.0
35819  -44.0
35846  -40.0
35879  -36.0
35914  -30.0
35946  -26.0
35979  -20.0
36012  -13.0
36047  -6.0
36079  -1.0
36114  3.0
36151  7.0
36179  11.0
36213  14.0
36246  17.0
36279  19.0
36313  20.0
36345  22.0
36379  23.0
36412  23.0
36446  23.0
36479  23.0
36513  23.0
36547  23.0
36580  20.0
36616  16.0
36646  12.0
36679  6.0
36713  2.0
36746  -2.0
36779  -9.0
36812  -14.0
36846  -22.0
36881  -28.0
36914  -32.0
36954  -38.0
36979  -40.0
37012  -43.0
37046  -45.0
37079  -48.0
37116  -52.0
37146  -53.0
37179  -54.0
37214  -54.0
37248  -54.0
37280  -54.0
37312  -54.0
37347  -54.0
37379  -52.0
37412  -47.0
37446  -44.0
37479  -39.0
37513  -34.0
37547  -29.0
37586  -25.0
37616  -17.0
37646  -13.0
37679  -6.0
37713  -1.0
37746  3.0
37779  7.0
37813  11.0
37849  14.0
37879  16.0
37915  18.0
37946  19.0
37979  19.0
38014  20.0
38046  20.0
38079  20.0
38119  20.0
38148  20.0
38181  20.0
38214  17.0
38247  13.0
38279  8.0
38312  4.0
38346  1.0
38379  -4.0
38412  -10.0
38446  -16.0
38479  -26.0
38513  -29.0
38551  -34.0
38581  -38.0
38615  -40.0
38648  -43.0
38679  -45.0
38713  -48.0
38745  -50.0
38779  -52.0
38812  -52.0
38846  -52.0
38880  -52.0
38914  -52.0
38946  -52.0
38979  -52.0
39013  -48.0
39046  -44.0
39079  -40.0
39117  -37.0
39151  -32.0
39185  -27.0
39213  -23.0
39246  -15.0
39279  -10.0
39312  -4.0
39345  1.0
39379  4.0
39413  8.0
39448  12.0
39479  14.0
39514  16.0
39549  18.0
39579  18.0
39614  19.0
39648  19.0
39680  19.0
39712  19.0
39746  19.0
39780  19.0
39813  19.0
39849  15.0
39879  12.0
39913  7.0
39947  4.0
39979  0.0
40012  -6.0
40045  -12.0
40079  -18.0
40120  -27.0
40152  -30.0
40185  -35.0
40214  -37.0
40246  -40.0
40279  -42.0
40312  -44.0
40351  -46.0
40388  -48.0
40417  -50.0
40447  -50.0
40479  -50.0
40513  -50.0
40546  -50.0
40579  -50.0
40622  -47.0
40647  -45.0
40679  -41.0
40714  -38.0
40747  -33.0
40779  -29.0
40814  -25.0
40848  -19.0
40881  -13.0
40913  -8.0
40946  -2.0
40979  2.0
41016  6.0
41053  9.0
41090  13.0
41113  15.0
41146  16.0
41179  17.0
41212  18.0
41246  18.0
41280  18.0
41316  18.0
41350  18.0
41384  18.0
41419  18.0
41453  15.0
41480  13.0
41513  9.0
41547  5.0
41579  1.0
41613  -3.0
41650  -9.0
41679  -14.0
41713  -22.0
41746  -27.0
41779  -30.0
41816  -35.0
41846  -37.0
41880  -40.0
41917  -42.0
41952  -44.0
41982  -45.0
42014  -47.0
42049  -47.0
42080  -47.0
42115  -47.0
42149  -47.0
42179  -47.0
42213  -47.0
42247  -46.0
42279  -43.0
42313  -39.0
42350  -35.0
42385  -32.0
42416  -28.0
42451  -23.0
42479  -18.0
42513  -12.0
42546  -7.0
42579  -1.0
42613  3.0
42649  6.0
42679  8.0
42714  11.0
42748  14.0
42780  15.0
42818  16.0
42848  16.0
42883  17.0
42916  17.0
42946  17.0
42979  17.0
43013  17.0
43052  17.0
43082  14.0
43124  10.0
43148  8.0
43180  4.0
43213  1.0
43249  -4.0
43279  -10.0
43314  -15.0
43347  -24.0
43380  -27.0
43413  -31.0
43447  -34.0
43479  -37.0
43515  -39.0
43548  -41.0
43581  -42.0
43617  -44.0
43648  -44.0
43685  -45.0
43712  -45.0
43746  -45.0
43780  -45.0
43818  -45.0
43848  -45.0
43893  -42.0
43916  -41.0
43946  -38.0
43979  -35.0
44013  -30.0
44047  -26.0
44079  -22.0
44113  -16.0
44147  -11.0
44179  -6.0
44213  -1.0
44246  3.0
44280  5.0
44315  8.0
44347  11.0
44382  12.0
44416  14.0
44452  15.0
44479  15.0
44512  15.0
44546  15.0
44579  15.0
44613  15.0
44647  15.0
44680  15.0
44713  11.0
44746  8.0
44779  5.0
44813  1.0
44848  -3.0
44885  -9.0
44916  -12.0
44950  -20.0
44980  -26.0
45013  -29.0
45046  -33.0
45079  -36.0
45113  -38.0
45146  -40.0
45180  -42.0
45213  -43.0
45247  -44.0
45281  -44.0
45319  -44.0
45350  -44.0
45380  -44.0
45413  -44.0
45446  -44.0
45480  -44.0
45516  -42.0
45550  -39.0
45580  -36.0
45613  -33.0
45648  -28.0
45680  -25.0
45720  -20.0
45750  -14.0
45782  -10.0
45816  -5.0
45847  0.0
45879  3.0
45915  5.0
45948  8.0
45979  9.0
46013  12.0
46050  13.0
46082  14.0
46115  14.0
46148  14.0
46179  14.0
46213  14.0
46247  14.0
46280  14.0
46315  12.0
46347  9.0
46382  7.0
46416  4.0
46450  0.0
46485  -5.0
46516  -10.0
46547  -14.0
46579  -22.0
46613  -26.0
46648  -29.0
46680  -33.0
46714  -36.0
46749  -38.0
46780  -39.0
46815  -40.0
46852  -41.0
46887  -42.0
46919  -42.0
46946  -42.0
46979  -42.0
47013  -42.0
47048  -42.0
47082  -42.0
47118  -42.0
47152  -39.0
47179  -37.0
47213  -34.0
47247  -30.0
47280  -26.0
47314  -23.0
47346  -18.0
47387  -11.0
47416  -7.0
47448  -3.0
47481  1.0
47515  4.0
47546  6.0
47580  8.0
47613  10.0
47649  12.0
47680  13.0
47717  13.0
47748  13.0
47782  13.0
47815  13.0
47847  13.0
47881  13.0
47914  13.0
47946  11.0
47980  9.0
48016  6.0
48047  3.0
48081  -1.0
48115  -6.0
48149  -10.0
48180  -15.0
48214  -23.0
48249  -26.0
48280  -29.0
48314  -32.0
48346  -35.0
48381  -36.0
48416  -38.0
48450  -39.0
48479  -40.0
48514  -40.0
48547  -40.0
48580  -40.0
48616  -40.0
48651  -40.0
48684  -40.0
48715  -40.0
48747  -40.0
48780  -37.0
48813  -35.0
48846  -31.0
48880  -28.0
48913  -24.0
48949  -20.0
48982  -14.0
49019  -9.0
49050  -6.0
49080  -1.0
49114  2.0
49146  5.0
49180  7.0
49213  8.0
49247  10.0
49280  11.0
49313  12.0
49347  12.0
49380  12.0
49413  12.0
49451  12.0
49480  12.0
49515  12.0
49546  12.0
49580  9.0
49615  7.0
49649  4.0
49682  1.0
49716  -4.0
49749  -8.0
49780  -13.0
49813  -19.0
49846  -24.0
49880  -27.0
49914  -30.0
49947  -32.0
49980  -35.0
50015  -37.0
50047  -38.0
50080  -39.0
50113  -39.0
50147  -39.0
50180  -40.0
50214  -40.0
50248  -40.0
50280  -40.0
50320  -40.0
50350  -40.0
50382  -39.0
50416  -36.0
50447  -34.0
50480  -31.0
50516  -27.0
50550  -24.0
50580  -20.0
50613  -14.0
50651  -10.0
50680  -6.0
50717  -1.0
50750  2.0
50780  3.0
50814  5.0
50847  7.0
50880  8.0
50913  9.0
50946  9.0
50979  9.0
51013  9.0
51046  9.0
51080  9.0
51115  9.0
51149  9.0
51186  8.0
51213  6.0
51246  4.0
51279  1.0
51319  -3.0
51351  -7.0
51398  -13.0
51416  -16.0
51447  -23.0
51480  -26.0
51513  -29.0
51546  -32.0
51580  -34.0
51613  -36.0
51652  -38.0
51682  -39.0
51715  -39.0
51750  -40.0
51780  -40.0
51815  -40.0
51850  -40.0
51880  -40.0
51914  -40.0
51946  -40.0
51980  -40.0
52014  -38.0
52047  -36.0
52080  -33.0
52114  -30.0
52150  -27.0
52181  -24.0
52220  -18.0
52253  -14.0
52282  -10.0
52314  -7.0
52347  -2.0
52380  0.0
52413  2.0
52447  4.0
52480  5.0
52513  6.0
52551  7.0
52582  7.0
52615  7.0
52650  7.0
52681  7.0
52713  7.0
52749  7.0
52781  7.0
52813  7.0
52847  5.0
52882  2.0
52915  -1.0
52948  -5.0
52983  -10.0
53015  -13.0
53049  -20.0
53080  -24.0
53114  -27.0
53147  -30.0
53181  -32.0
53215  -35.0
53247  -36.0
53280  -38.0
53314  -38.0
53352  -39.0
53391  -39.0
53416  -39.0
53447  -39.0
53480  -39.0
53514  -39.0
53547  -39.0
53580  -39.0
53614  -39.0
53648  -37.0
53680  -34.0
53714  -32.0
53747  -29.0
53780  -26.0
53816  -22.0
53847  -18.0
53882  -13.0
53915  -10.0
53949  -6.0
53986  -2.0
54013  0.0
54049  2.0
54080  3.0
54120  4.0
54148  5.0
54184  5.0
54217  5.0
54250  5.0
54281  5.0
54313  5.0
54347  5.0
54380  5.0
54414  5.0
54451  3.0
54482  1.0
54515  -1.0
54550  -4.0
54580  -8.0
54615  -12.0
54649  -16.0
54680  -23.0
54716  -27.0
54750  -29.0
54781  -31.0
54816  -34.0
54847  -36.0
54880  -37.0
54918  -38.0
54948  -39.0
54983  -39.0
55014  -39.0
55049  -39.0
55080  -39.0
55114  -39.0
55147  -39.0
55180  -39.0
55214  -39.0
55249  -38.0
55282  -36.0
55315  -33.0
55347  -30.0
55380  -28.0
55414  -25.0
55447  -22.0
55480  -17.0
55514  -12.0
55548  -9.0
55582  -6.0
55617  -2.0
55649  0.0
55684  1.0
55714  2.0
55747  3.0
55780  4.0
55814  4.0
55847  4.0
55880  4.0
55919  4.0
55952  4.0
55986  4.0
56013  4.0
56049  4.0
56080  2.0
56116  0.0
56152  -3.0
56181  -7.0
56215  -10.0
56247  -13.0
56280  -19.0
56314  -25.0
56347  -27.0
56380  -30.0
56414  -32.0
56447  -34.0
56483  -36.0
56520  -37.0
56551  -38.0
56581  -38.0
56615  -39.0
56649  -39.0
56680  -39.0
56716  -39.0
56747  -39.0
56780  -39.0
56814  -39.0
56848  -39.0
56881  -37.0
56916  -35.0
56950  -33.0
56980  -30.0
57014  -28.0
