925  -1.0
960  -1.0
992  -1.0
1027  -1.0
1059  -1.0
1092  -1.0
1126  -1.0
1159  -1.0
1195  -1.0
1228  -1.0
1264  -1.0
1294  -1.0
1324  -1.0
1358  -1.0
1391  -1.0
1425  -1.0
1461  -1.0
1491  -1.0
1525  -1.0
1558  -1.0
1591  -1.0
1625  -1.0
1659  -1.0
1691  -1.0
1725  -1.0
1758  -1.0
1796  -1.0
1830  -1.0
1860  -1.0
1891  -1.0
1924  -1.0
1958  -1.0
1992  -1.0
2024  -1.0
2058  -1.0
2092  -1.0
2128  -1.0
2165  -1.0
2194  -1.0
2228  -1.0
2258  -1.0
2292  -1.0
2325  -1.0
2358  -1.0
2392  -1.0
2425  -1.0
2458  -1.0
2491  -1.0
2525  -1.0
2558  -1.0
2593  -1.0
2628  -1.0
2664  -1.0
2691  -1.0
2725  -1.0
2758  -1.0
2792  -1.0
2825  -1.0
2859  -1.0
2894  -1.0
2925  1.0
2959  4.0
2994  5.0
3026  6.0
3058  9.0
3094  11.0
3134  14.0
3160  17.0
3192  19.0
3226  21.0
3259  23.0
3292  25.0
3325  27.0
3359  30.0
3393  32.0
3426  34.0
3458  36.0
3493  38.0
3526  40.0
3559  42.0
3592  46.0
3631  49.0
3659  50.0
3692  51.0
3724  53.0
3758  55.0
3792  56.0
3825  58.0
3859  60.0
3901  62.0
3941  63.0
3965  64.0
3998  64.0
4029  65.0
4060  66.0
4094  67.0
4134  67.0
4160  68.0
4196  69.0
4233  69.0
4261  70.0
4294  70.0
4327  70.0
4360  71.0
4394  71.0
4427  72.0
4462  72.0
4494  72.0
4529  73.0
4560  73.0
4594  74.0
4632  74.0
4661  74.0
4698  75.0
4734  75.0
4762  75.0
4796  75.0
4826  75.0
4860  75.0
4893  75.0
4930  75.0
4963  75.0
4996  75.0
5030  75.0
5060  75.0
5093  75.0
5128  75.0
5160  75.0
5193  75.0
5227  75.0
5260  75.0
5294  75.0
5327  75.0
5360  75.0
5398  75.0
5434  75.0
5462  75.0
5494  75.0
5529  75.0
5560  75.0
5598  75.0
5630  75.0
5662  75.0
5698  75.0
5731  75.0
5760  75.0
5793  75.0
5831  75.0
5860  75.0
5894  75.0
5930  75.0
5963  75.0
5996  75.0
6029  75.0
6060  75.0
6093  75.0
6127  75.0
6161  75.0
6194  75.0
6227  72.0
6264  70.0
6300  66.0
6331  62.0
6365  52.0
6394  48.0
6430  41.0
6460  32.0
6493  25.0
6526  20.0
6560  11.0
6594  -1.0
6634  -9.0
6667  -15.0
6696  -21.0
6727  -28.0
6760  -36.0
6793  -42.0
6830  -48.0
6864  -53.0
6899  -57.0
6929  -62.0
6960  -64.0
6995  -65.0
7029  -66.0
7062  -67.0
7097  -67.0
7150  -67.0
7161  -67.0
7196  -67.0
7227  -66.0
7261  -62.0
7293  -57.0
7327  -52.0
7360  -46.0
7399  -36.0
7429  -30.0
7463  -23.0
7495  -15.0
7527  -7.0
7561  -1.0
7595  6.0
7631  18.0
7666  27.0
7695  31.0
7727  37.0
7761  44.0
7795  51.0
7827  58.0
7861  64.0
7894  67.0
7927  70.0
7960  72.0
7993  74.0
8028  74.0
8061  75.0
8098  75.0
8131  75.0
8165  75.0
8194  75.0
8230  73.0
8260  71.0
8299  67.0
8329  62.0
8365  55.0
8394  49.0
8427  40.0
8460  31.0
8494  25.0
8529  19.0
8562  9.0
8596  -2.0
8627  -8.0
8661  -14.0
8695  -21.0
8727  -29.0
8761  -35.0
8794  -41.0
8827  -47.0
8860  -53.0
8898  -58.0
8929  -61.0
8962  -64.0
8996  -65.0
9034  -66.0
9062  -67.0
9098  -67.0
9129  -67.0
9171  -67.0
9201  -67.0
9234  -65.0
9268  -61.0
9301  -56.0
9335  -51.0
9368  -45.0
9401  -38.0
9434  -30.0
9467  -23.0
9503  -15.0
9536  -7.0
9569  -2.0
9607  8.0
9635  16.0
9667  25.0
9702  29.0
9736  36.0
9771  43.0
9811  50.0
9837  55.0
9867  59.0
9901  63.0
9934  66.0
9967  68.0
10000  69.0
10034  70.0
10067  70.0
10105  70.0
10137  70.0
10169  70.0
10204  70.0
10235  68.0
10268  66.0
10303  62.0
10337  56.0
10369  50.0
10403  43.0
10435  34.0
10468  28.0
10501  22.0
10534  14.0
10567  5.0
10601  -4.0
10637  -11.0
10669  -18.0
10704  -25.0
10739  -33.0
10767  -38.0
10801  -44.0
10834  -50.0
10867  -56.0
10904  -59.0
10937  -63.0
10968  -65.0
11005  -67.0
11034  -68.0
11067  -68.0
11101  -68.0
11134  -68.0
11167  -68.0
11202  -68.0
11239  -66.0
11270  -63.0
11302  -58.0
11335  -53.0
11368  -46.0
11401  -39.0
11435  -32.0
11468  -26.0
11501  -17.0
11535  -10.0
11569  -5.0
11603  2.0
11638  11.0
11667  20.0
11701  25.0
11734  31.0
11767  37.0
11801  44.0
11835  50.0
11869  55.0
11906  59.0
11938  62.0
11969  64.0
12001  65.0
12034  66.0
12067  66.0
12103  66.0
12137  66.0
12169  66.0
12203  66.0
12234  64.0
12267  62.0
12301  59.0
12339  53.0
12369  47.0
12404  39.0
12434  32.0
12468  26.0
12501  20.0
12536  11.0
12569  3.0
12605  -7.0
12636  -12.0
12668  -18.0
12700  -25.0
12735  -32.0
12767  -38.0
12802  -44.0
12834  -49.0
12867  -54.0
12906  -57.0
12936  -60.0
12971  -64.0
13000  -65.0
13034  -66.0
13068  -66.0
13104  -66.0
13142  -66.0
13171  -66.0
13203  -66.0
13234  -65.0
13267  -62.0
13302  -56.0
13337  -52.0
13369  -47.0
13403  -38.0
13435  -32.0
13468  -25.0
13502  -18.0
13535  -10.0
13568  -4.0
13601  2.0
13635  11.0
13669  20.0
13701  25.0
13734  31.0
13767  37.0
13800  42.0
13834  49.0
13867  55.0
13903  58.0
13936  61.0
13971  65.0
14003  66.0
14034  66.0
14068  67.0
14102  67.0
14138  67.0
14181  67.0
14211  67.0
14235  67.0
14268  63.0
14301  60.0
14335  56.0
14368  50.0
14406  40.0
14438  33.0
14468  29.0
14503  23.0
14536  14.0
14568  6.0
14601  -2.0
14634  -9.0
14667  -15.0
14701  -21.0
14734  -28.0
14768  -34.0
14805  -40.0
14837  -46.0
14869  -52.0
14901  -54.0
14934  -57.0
14968  -61.0
15001  -63.0
15035  -63.0
15068  -64.0
15101  -64.0
15140  -64.0
15170  -64.0
15203  -64.0
15234  -63.0
15267  -60.0
15301  -55.0
15335  -51.0
15370  -44.0
15403  -36.0
15439  -30.0
15468  -23.0
15502  -16.0
15535  -9.0
15569  -3.0
15610  6.0
15649  17.0
15671  21.0
15701  25.0
15735  32.0
15768  38.0
15802  42.0
15834  48.0
15867  54.0
15904  58.0
15939  61.0
15969  63.0
16002  65.0
16035  65.0
16067  66.0
16101  66.0
16134  66.0
16168  66.0
16201  66.0
16238  65.0
16270  62.0
16306  57.0
16336  53.0
16367  48.0
16401  40.0
16434  33.0
16470  27.0
16503  22.0
16536  13.0
16569  6.0
16601  -2.0
16635  -9.0
16667  -14.0
16703  -21.0
16738  -29.0
16770  -34.0
16801  -39.0
16834  -42.0
16868  -48.0
16905  -51.0
16949  -55.0
16971  -57.0
17005  -58.0
17036  -59.0
17068  -60.0
17101  -60.0
17134  -60.0
17167  -60.0
17201  -60.0
17237  -59.0
17269  -55.0
17303  -50.0
17336  -47.0
17368  -41.0
17405  -34.0
17434  -27.0
17468  -21.0
17502  -14.0
17535  -8.0
17568  -2.0
17607  7.0
17639  16.0
17677  24.0
17700  27.0
17735  33.0
17768  38.0
17805  44.0
17837  49.0
17870  56.0
17911  60.0
17934  61.0
17968  64.0
18001  66.0
18037  66.0
18069  67.0
18106  67.0
18136  67.0
18168  67.0
18201  67.0
18235  65.0
18268  62.0
18301  58.0
18335  54.0
18369  48.0
18404  39.0
18448  31.0
18470  28.0
18501  22.0
18535  15.0
18568  6.0
18601  -2.0
18635  -9.0
18668  -13.0
18701  -20.0
18734  -27.0
18768  -33.0
18801  -38.0
18836  -44.0
18870  -48.0
18913  -52.0
18934  -55.0
18968  -58.0
19001  -59.0
19034  -59.0
19068  -60.0
19103  -60.0
19134  -60.0
19172  -60.0
19203  -60.0
19236  -59.0
19267  -55.0
19301  -51.0
19334  -47.0
19367  -40.0
19404  -34.0
19440  -26.0
19470  -20.0
19501  -14.0
19535  -8.0
19568  -2.0
19602  4.0
19636  12.0
19670  21.0
19703  26.0
19737  32.0
19768  36.0
19801  42.0
19839  47.0
19870  52.0
19904  56.0
19935  57.0
19968  60.0
20002  63.0
20036  63.0
20069  63.0
20105  63.0
20136  63.0
20168  63.0
20201  63.0
20234  61.0
20269  57.0
20306  53.0
20336  49.0
20370  44.0
20401  37.0
20435  31.0
20468  25.0
20501  20.0
20537  11.0
20570  5.0
20602  -5.0
20635  -11.0
20669  -16.0
20701  -21.0
20735  -29.0
20768  -34.0
20802  -39.0
20834  -45.0
20868  -49.0
20902  -52.0
20940  -56.0
20970  -58.0
21003  -59.0
21040  -60.0
21068  -61.0
21101  -61.0
21135  -61.0
21172  -61.0
21204  -61.0
21246  -58.0
21274  -54.0
21302  -51.0
21334  -47.0
21367  -40.0
21402  -34.0
21435  -29.0
21468  -22.0
21503  -14.0
21536  -9.0
21570  -5.0
21604  3.0
21635  10.0
21668  18.0
21701  24.0
21737  29.0
21770  34.0
21806  39.0
21835  43.0
21868  49.0
21901  53.0
21935  55.0
21970  56.0
22003  59.0
22037  59.0
22069  60.0
22102  60.0
22138  60.0
22168  60.0
22203  60.0
22235  58.0
22269  55.0
22303  52.0
22341  45.0
22370  39.0
22402  33.0
22435  28.0
22469  22.0
22501  15.0
22535  8.0
22568  1.0
22602  -6.0
22637  -12.0
22670  -18.0
22707  -24.0
22734  -30.0
22768  -35.0
22802  -38.0
22835  -44.0
22869  -48.0
22908  -50.0
22943  -54.0
22968  -56.0
23002  -57.0
23035  -57.0
23069  -58.0
23103  -58.0
23140  -58.0
23175  -58.0
23202  -58.0
23237  -56.0
23269  -52.0
23303  -49.0
23335  -44.0
23369  -37.0
23403  -30.0
23437  -24.0
23470  -18.0
23504  -10.0
23536  -6.0
23569  -1.0
23605  6.0
23636  14.0
23669  22.0
23703  27.0
23736  31.0
23770  36.0
23802  41.0
23835  45.0
23869  50.0
23903  54.0
23935  56.0
23971  58.0
24010  60.0
24038  61.0
24070  61.0
24103  61.0
24135  61.0
24172  61.0
24203  61.0
24235  59.0
24269  56.0
24303  52.0
24341  45.0
24371  39.0
24403  33.0
24436  28.0
24469  24.0
24503  16.0
24537  8.0
24570  2.0
24607  -6.0
24637  -10.0
24669  -15.0
24702  -21.0
24736  -28.0
24771  -33.0
24808  -36.0
24841  -42.0
24869  -45.0
24902  -46.0
24936  -49.0
24969  -52.0
25003  -53.0
25035  -54.0
25069  -54.0
25107  -54.0
25138  -54.0
25172  -54.0
25202  -54.0
25236  -52.0
25269  -48.0
25302  -45.0
25336  -41.0
25370  -34.0
25402  -28.0
25438  -21.0
25471  -15.0
25507  -8.0
25536  -4.0
25569  1.0
25603  8.0
25636  16.0
25670  23.0
25703  28.0
25735  33.0
25770  37.0
25802  41.0
25837  46.0
25870  49.0
25903  53.0
25936  55.0
25969  57.0
26003  58.0
26036  59.0
26072  59.0
26103  59.0
26136  59.0
26169  59.0
26209  59.0
26238  57.0
26271  53.0
26305  49.0
26335  44.0
26370  39.0
26405  31.0
26437  27.0
26472  22.0
26504  15.0
26538  8.0
26571  1.0
26605  -7.0
26639  -11.0
26674  -16.0
26703  -21.0
26737  -28.0
26772  -32.0
26805  -37.0
26837  -43.0
26871  -46.0
26902  -47.0
26938  -50.0
26971  -52.0
27009  -54.0
27036  -54.0
27071  -54.0
27104  -54.0
27137  -54.0
27171  -54.0
27204  -53.0
27239  -50.0
27270  -46.0
27302  -43.0
27335  -39.0
27370  -33.0
27403  -26.0
27438  -20.0
27471  -14.0
27504  -8.0
27537  -3.0
27569  2.0
27602  9.0
27636  15.0
27675  22.0
27704  28.0
27738  32.0
27769  36.0
27803  40.0
27836  44.0
27870  48.0
27906  51.0
27939  53.0
27971  55.0
28002  56.0
28036  56.0
28070  56.0
28104  56.0
28139  56.0
28172  56.0
28210  55.0
28236  53.0
28270  49.0
28303  45.0
28339  40.0
28372  33.0
28405  28.0
28438  24.0
28469  17.0
28503  11.0
28536  6.0
28569  -2.0
28603  -8.0
28636  -12.0
28671  -17.0
28704  -24.0
28738  -29.0
28771  -32.0
28802  -37.0
28836  -43.0
28871  -46.0
28904  -47.0
28940  -50.0
28971  -52.0
29005  -52.0
29036  -53.0
29069  -53.0
29103  -53.0
29138  -53.0
29172  -53.0
29208  -51.0
29238  -48.0
29269  -45.0
29303  -42.0
29338  -35.0
29373  -28.0
29404  -23.0
29440  -18.0
29469  -11.0
29503  -6.0
29543  0.0
29570  5.0
29604  11.0
29638  18.0
29671  23.0
29703  29.0
29741  34.0
29772  38.0
29803  41.0
29837  45.0
29870  48.0
29903  50.0
29937  54.0
29969  54.0
30003  55.0
30036  55.0
30070  55.0
30103  55.0
30136  55.0
30170  55.0
30204  53.0
30236  52.0
30271  47.0
30305  43.0
30338  38.0
30370  32.0
30404  27.0
30436  23.0
30471  16.0
30504  9.0
30536  2.0
30569  -5.0
30602  -10.0
30636  -14.0
30670  -20.0
30705  -27.0
30739  -31.0
30776  -35.0
30804  -39.0
30837  -44.0
30870  -45.0
30902  -47.0
30936  -50.0
30969  -51.0
31003  -52.0
31037  -52.0
31070  -52.0
31103  -52.0
31140  -52.0
31172  -52.0
31204  -50.0
31238  -47.0
31270  -43.0
31303  -40.0
31337  -33.0
31370  -27.0
31406  -21.0
31439  -15.0
31469  -10.0
31505  -5.0
31539  0.0
31570  5.0
31606  14.0
31661  24.0
31694  29.0
31726  33.0
31760  36.0
31794  41.0
31829  45.0
31862  47.0
31895  50.0
31927  52.0
31962  54.0
31995  55.0
32027  55.0
32061  55.0
32093  55.0
32126  55.0
32162  55.0
32195  55.0
32228  51.0
32260  47.0
32294  43.0
32326  39.0
32360  32.0
32395  28.0
32430  22.0
32461  16.0
32494  11.0
32526  5.0
32560  -3.0
32595  -8.0
32629  -11.0
32662  -17.0
32694  -23.0
32726  -28.0
32760  -32.0
32794  -35.0
32827  -41.0
32859  -42.0
32893  -44.0
32929  -46.0
32962  -48.0
32995  -48.0
33029  -48.0
33060  -49.0
33094  -49.0
33126  -49.0
33161  -49.0
33195  -47.0
33228  -44.0
33261  -41.0
33293  -38.0
33327  -31.0
33361  -25.0
33396  -20.0
33429  -13.0
33462  -8.0
33493  -4.0
33527  1.0
33560  7.0
33595  13.0
33628  20.0
33663  26.0
33695  30.0
33726  33.0
33760  37.0
33794  42.0
33826  45.0
33860  47.0
33893  49.0
33931  51.0
33962  53.0
33995  54.0
34028  54.0
34060  54.0
34094  54.0
34126  54.0
34162  53.0
34195  51.0
34229  47.0
34262  44.0
34294  40.0
34327  34.0
34360  30.0
34395  25.0
34429  19.0
34462  13.0
34494  8.0
34527  0.0
34560  -6.0
34594  -10.0
34628  -14.0
34661  -19.0
34695  -25.0
34726  -29.0
34760  -33.0
34794  -39.0
34828  -42.0
34861  -43.0
34895  -45.0
34929  -48.0
34960  -48.0
34994  -49.0
35027  -49.0
35061  -49.0
35095  -49.0
35128  -49.0
35160  -49.0
35194  -47.0
35227  -44.0
35260  -41.0
35294  -36.0
35326  -30.0
35360  -25.0
35396  -18.0
35429  -13.0
35461  -7.0
35494  -3.0
35527  1.0
35561  7.0
35593  13.0
35628  20.0
35662  25.0
35695  29.0
35727  32.0
35760  36.0
35794  40.0
35827  42.0
35862  45.0
35895  46.0
35929  48.0
35962  49.0
35994  49.0
36026  49.0
36060  49.0
36093  49.0
36126  49.0
36161  49.0
36196  47.0
36229  44.0
36262  40.0
36293  35.0
36327  30.0
36360  26.0
36396  20.0
36437  14.0
36462  9.0
36495  2.0
36527  -5.0
36560  -10.0
36593  -13.0
36629  -18.0
36662  -24.0
36695  -29.0
36727  -32.0
36760  -36.0
36794  -42.0
36827  -44.0
36862  -45.0
36895  -47.0
36929  -49.0
36961  -50.0
36994  -50.0
37027  -50.0
37061  -50.0
37095  -50.0
37129  -50.0
37162  -50.0
37194  -48.0
37227  -45.0
37261  -42.0
37295  -36.0
37329  -30.0
37362  -26.0
37395  -20.0
37428  -14.0
37462  -10.0
37498  -5.0
37527  -1.0
37560  5.0
37594  11.0
37629  17.0
37662  22.0
37695  26.0
37729  29.0
37761  32.0
37793  36.0
37827  39.0
37861  41.0
37896  42.0
37928  43.0
37961  44.0
37993  44.0
38027  44.0
38061  44.0
38096  44.0
38129  44.0
38162  43.0
38194  40.0
38227  38.0
38260  34.0
38295  28.0
38328  24.0
38362  20.0
38395  15.0
38427  10.0
38461  3.0
38493  -4.0
38529  -10.0
38562  -14.0
38595  -18.0
38629  -22.0
38661  -28.0
38694  -32.0
38727  -35.0
38760  -40.0
38794  -46.0
38829  -47.0
38862  -48.0
38895  -50.0
38929  -52.0
38962  -52.0
38994  -52.0
39027  -52.0
39060  -52.0
39095  -52.0
39131  -52.0
39163  -52.0
39194  -49.0
39227  -46.0
39261  -42.0
39294  -35.0
39329  -30.0
39362  -26.0
39395  -20.0
39428  -14.0
39463  -10.0
39500  -5.0
39527  -1.0
39560  5.0
39594  11.0
39627  16.0
39660  21.0
39694  25.0
39727  28.0
39763  31.0
39796  34.0
39829  37.0
39860  38.0
39894  40.0
39927  41.0
39960  41.0
39995  41.0
40029  41.0
40062  41.0
40095  41.0
40127  41.0
40161  39.0
40194  36.0
40230  33.0
40262  29.0
40296  25.0
40327  21.0
40361  15.0
40394  10.0
40429  5.0
40462  -2.0
40496  -9.0
40529  -13.0
40560  -17.0
40594  -21.0
40628  -25.0
40661  -31.0
40694  -35.0
40727  -37.0
40761  -41.0
40796  -46.0
40829  -46.0
40862  -47.0
40894  -49.0
40927  -50.0
40961  -50.0
40996  -50.0
41029  -50.0
41062  -50.0
41095  -50.0
41127  -50.0
41161  -49.0
41194  -46.0
41229  -42.0
41262  -37.0
41295  -31.0
41328  -27.0
41360  -22.0
41394  -16.0
41428  -12.0
41463  -7.0
41496  -3.0
41529  2.0
41561  8.0
41594  13.0
41627  18.0
41661  22.0
41694  25.0
41727  29.0
41761  32.0
41795  35.0
41829  37.0
41863  38.0
41894  39.0
41927  40.0
41961  40.0
41995  40.0
42029  40.0
42062  40.0
42095  40.0
42127  39.0
42160  37.0
42194  34.0
42229  30.0
42262  27.0
42296  22.0
42329  17.0
42363  11.0
42396  7.0
42429  1.0
42460  -6.0
42494  -11.0
42527  -16.0
42562  -19.0
42597  -23.0
42629  -29.0
42662  -33.0
42694  -36.0
42727  -39.0
42761  -45.0
42796  -47.0
42831  -48.0
42862  -49.0
42894  -51.0
42928  -51.0
42960  -51.0
42995  -51.0
43029  -51.0
43063  -51.0
43097  -51.0
43128  -51.0
43161  -48.0
43194  -45.0
43229  -41.0
43263  -35.0
43295  -31.0
43331  -25.0
43361  -20.0
43394  -16.0
43428  -12.0
43462  -7.0
43495  -3.0
43527  3.0
43560  9.0
43594  13.0
43627  18.0
43661  22.0
43696  25.0
43729  28.0
43768  32.0
43795  33.0
43827  35.0
43860  36.0
43894  37.0
43927  37.0
43961  37.0
43994  37.0
44028  37.0
44061  37.0
44094  37.0
44129  35.0
44162  33.0
44198  29.0
44228  26.0
44261  22.0
44294  18.0
44328  13.0
44363  8.0
44396  3.0
44429  -4.0
44461  -10.0
44495  -14.0
44529  -19.0
44562  -22.0
44595  -26.0
44628  -32.0
44662  -35.0
44699  -38.0
44729  -40.0
44761  -45.0
44794  -46.0
44827  -47.0
44862  -48.0
44896  -49.0
44928  -49.0
44961  -49.0
44994  -49.0
45028  -49.0
45060  -49.0
45094  -49.0
45128  -47.0
45161  -44.0
45194  -41.0
45228  -37.0
45262  -32.0
45294  -28.0
45331  -22.0
45363  -16.0
45397  -13.0
45431  -8.0
45468  -4.0
45501  1.0
45535  7.0
45568  13.0
45601  16.0
45636  21.0
45668  25.0
45701  27.0
45734  30.0
45768  32.0
45802  34.0
45834  36.0
45869  37.0
45904  37.0
45934  37.0
45968  37.0
46002  37.0
46034  37.0
46068  37.0
46102  36.0
46135  33.0
46169  30.0
46204  27.0
46234  24.0
46267  19.0
46301  14.0
46334  9.0
46369  5.0
46402  -2.0
46439  -9.0
46468  -13.0
46502  -17.0
46535  -20.0
46568  -23.0
46601  -29.0
46637  -33.0
46668  -36.0
46702  -39.0
46734  -43.0
46768  -46.0
46802  -47.0
46838  -48.0
46869  -49.0
46904  -49.0
46934  -49.0
46968  -49.0
47002  -49.0
47038  -49.0
47076  -49.0
47106  -48.0
47139  -45.0
47171  -41.0
47204  -36.0
47236  -32.0
47270  -28.0
47303  -22.0
47338  -18.0
47370  -14.0
47403  -10.0
47437  -6.0
47470  -1.0
47503  5.0
47537  9.0
47570  13.0
47604  17.0
47636  21.0
47673  24.0
47707  28.0
47737  29.0
47770  31.0
47803  32.0
47837  33.0
47869  34.0
47903  34.0
47939  34.0
47972  34.0
48005  34.0
48036  34.0
48070  33.0
48104  31.0
48136  29.0
48172  27.0
48209  22.0
48242  18.0
48270  14.0
48303  10.0
48336  5.0
48371  0.0
48405  -6.0
48438  -11.0
48472  -15.0
48504  -18.0
48536  -21.0
48570  -26.0
48605  -31.0
48639  -34.0
48672  -36.0
48707  -41.0
48737  -44.0
48770  -45.0
48804  -46.0
48836  -47.0
48870  -48.0
48903  -48.0
48937  -48.0
48972  -48.0
49005  -48.0
49038  -48.0
49073  -48.0
49104  -46.0
49136  -43.0
49170  -38.0
49204  -34.0
49237  -30.0
49272  -24.0
49308  -18.0
49341  -16.0
49372  -12.0
49403  -8.0
49437  -4.0
49470  1.0
49505  7.0
49538  12.0
49571  15.0
49603  18.0
49637  23.0
49670  26.0
49705  28.0
49738  29.0
49771  31.0
49804  32.0
49836  33.0
49869  33.0
49904  33.0
49938  33.0
49980  33.0
50005  33.0
50041  33.0
50070  32.0
50103  29.0
50137  27.0
50171  24.0
50212  19.0
50240  15.0
50274  11.0
50304  8.0
50337  2.0
50370  -4.0
50404  -8.0
50437  -13.0
50470  -17.0
50503  -19.0
50537  -23.0
50570  -29.0
50605  -32.0
50639  -35.0
50672  -38.0
50705  -42.0
50736  -44.0
50770  -45.0
50804  -46.0
50837  -47.0
50870  -47.0
50904  -47.0
50937  -47.0
50970  -47.0
51004  -47.0
51037  -47.0
51070  -45.0
51103  -43.0
51137  -38.0
51172  -35.0
51209  -30.0
51239  -26.0
51275  -20.0
51303  -17.0
51337  -15.0
51371  -10.0
51403  -6.0
51437  -2.0
51471  4.0
51503  9.0
51538  13.0
51571  16.0
51606  20.0
51637  23.0
51670  25.0
51704  27.0
51737  28.0
51770  30.0
51804  31.0
51838  31.0
51871  31.0
51904  31.0
51937  31.0
51970  31.0
52004  31.0
52037  31.0
52071  29.0
52105  27.0
52139  24.0
52171  21.0
52207  15.0
52238  12.0
52272  8.0
52303  5.0
52337  -1.0
52371  -6.0
52404  -11.0
52438  -15.0
52472  -17.0
52505  -21.0
52537  -25.0
52571  -29.0
52603  -32.0
52638  -35.0
52672  -38.0
52707  -41.0
52738  -43.0
52770  -44.0
52804  -45.0
52837  -45.0
52872  -45.0
52906  -45.0
52939  -45.0
52970  -45.0
53004  -45.0
53037  -44.0
53070  -42.0
53106  -38.0
53139  -35.0
53172  -31.0
53203  -28.0
53237  -22.0
53271  -18.0
53304  -15.0
53339  -10.0
53372  -7.0
53405  -2.0
53438  2.0
53471  7.0
53503  12.0
53538  15.0
53572  18.0
53605  22.0
53638  25.0
53670  26.0
53705  28.0
53742  29.0
53771  30.0
53804  31.0
53838  31.0
53870  31.0
53903  31.0
53937  31.0
53971  31.0
54004  31.0
54037  30.0
54070  28.0
54104  26.0
54137  23.0
54171  18.0
54206  14.0
54239  11.0
54272  8.0
54305  2.0
54338  -3.0
54370  -7.0
54404  -12.0
54439  -15.0
54472  -17.0
54506  -22.0
54537  -26.0
54570  -29.0
54604  -31.0
54637  -34.0
54672  -36.0
54706  -38.0
54739  -40.0
54771  -41.0
54804  -41.0
54839  -41.0
54871  -41.0
54906  -41.0
54940  -41.0
54972  -41.0
55004  -41.0
55037  -39.0
55071  -35.0
55106  -31.0
55139  -28.0
55172  -24.0
55204  -19.0
55237  -14.0
55270  -12.0
55303  -8.0
55338  -3.0
55372  1.0
55406  5.0
55437  10.0
55470  14.0
55503  18.0
55538  20.0
55572  24.0
55605  27.0
55638  29.0
55670  31.0
55704  32.0
55737  33.0
55773  34.0
55859  34.0
55912  34.0
55942  34.0
55974  34.0
56005  33.0
56038  31.0
56071  30.0
56106  27.0
56139  22.0
56175  18.0
56213  15.0
56238  13.0
56271  7.0
56305  2.0
56339  -2.0
56373  -7.0
56407  -10.0
56439  -12.0
56471  -16.0
56505  -21.0
56538  -24.0
56573  -26.0
56607  -28.0
56640  -31.0
56671  -31.0
56705  -33.0
56741  -35.0
56772  -35.0
56805  -35.0
56838  -35.0
56871  -35.0
56909  -35.0
56942  -35.0
56975  -35.0
57006  -33.0
57038  -29.0
57071  -26.0
57105  -23.0
57141  -19.0
57179  -13.0
57207  -10.0
57241  -7.0
57272  -3.0
57305  0.0
57338  4.0
57371  8.0
57405  13.0
57441  18.0
57481  22.0
57512  24.0
57542  28.0
57571  30.0
57605  33.0
57639  34.0
57677  36.0
57706  36.0
57739  37.0
57778  37.0
57807  38.0
57838  38.0
57871  38.0
57907  38.0
57948  38.0
57976  38.0
58008  36.0
58042  34.0
58072  32.0
58105  28.0
58143  23.0
58173  20.0
58207  17.0
58238  11.0
58271  6.0
58308  1.0
58338  -3.0
58373  -7.0
58409  -9.0
58441  -12.0
58472  -16.0
58506  -19.0
58538  -22.0
58572  -24.0
58606  -26.0
58638  -28.0
58672  -30.0
58706  -32.0
58739  -33.0
58771  -33.0
58807  -33.0
58843  -33.0
58874  -33.0
58907  -33.0
58939  -33.0
58971  -31.0
59005  -28.0
59042  -25.0
59074  -22.0
59109  -18.0
59139  -13.0
59171  -10.0
59205  -7.0
59240  -4.0
59273  0.0
59307  4.0
59343  8.0
59372  12.0
59405  17.0
59438  21.0
59476  24.0
59510  27.0
59540  30.0
59572  32.0
59605  34.0
59638  35.0
59672  36.0
59707  37.0
59744  37.0
59773  37.0
59805  37.0
59838  37.0
59872  37.0
59907  37.0
59942  37.0
59974  35.0
60009  33.0
60039  30.0
60071  27.0
60105  24.0
60139  20.0
60173  16.0
60209  10.0
60243  6.0
60274  2.0
60305  -3.0
60340  -6.0
60371  -8.0
60405  -11.0
60440  -14.0
60477  -20.0
60516  -22.0
60556  -24.0
60583  -25.0
60614  -27.0
60648  -29.0
60681  -31.0
60714  -32.0
60748  -32.0
60781  -32.0
60816  -32.0
60852  -32.0
60883  -32.0
60916  -32.0
60948  -30.0
60981  -27.0
61014  -24.0
61049  -21.0
61083  -18.0
61116  -13.0
61148  -9.0
61181  -6.0
61214  -3.0
61247  1.0
61282  4.0
61314  8.0
61347  12.0
61383  17.0
61417  21.0
61451  23.0
61481  26.0
61514  28.0
61548  31.0
61581  33.0
61616  34.0
61652  35.0
61683  35.0
61714  36.0
61747  36.0
61781  36.0
61815  36.0
61853  36.0
61885  36.0
61916  36.0
61948  35.0
61981  33.0
62014  31.0
62047  26.0
62087  23.0
62116  20.0
62150  16.0
62181  11.0
62214  7.0
62248  4.0
62281  -2.0
62315  -5.0
62347  -7.0
62382  -10.0
62416  -13.0
62451  -17.0
62482  -19.0
62514  -21.0
62548  -23.0
62581  -24.0
62616  -26.0
62649  -27.0
62683  -29.0
62714  -29.0
62748  -29.0
62781  -29.0
62815  -29.0
62850  -29.0
62882  -29.0
62916  -27.0
62950  -24.0
62982  -22.0
63014  -20.0
63048  -15.0
63084  -10.0
63114  -7.0
63148  -5.0
63185  -1.0
63217  2.0
63252  6.0
63281  9.0
63314  13.0
63348  17.0
63383  22.0
63416  24.0
63450  26.0
63485  28.0
63514  31.0
63548  33.0
63584  35.0
63616  35.0
63652  36.0
63683  36.0
63717  36.0
63750  36.0
63781  36.0
63815  36.0
63851  36.0
63887  36.0
63931  34.0
63952  32.0
63983  29.0
64014  26.0
64048  23.0
64082  20.0
64115  16.0
64148  12.0
64181  8.0
64215  4.0
64248  -1.0
64283  -4.0
64316  -6.0
64349  -9.0
64385  -12.0
64415  -15.0
64448  -18.0
64482  -20.0
64517  -21.0
64550  -23.0
64584  -24.0
64615  -25.0
64648  -26.0
64682  -26.0
64715  -26.0
64748  -26.0
64782  -26.0
64814  -26.0
64850  -26.0
64883  -25.0
64917  -23.0
64949  -21.0
64982  -18.0
65015  -14.0
65048  -10.0
65081  -6.0
65115  -4.0
65149  -1.0
65183  3.0
65217  6.0
65250  10.0
65283  13.0
65315  17.0
65348  20.0
65382  23.0
65416  25.0
65450  27.0
65484  30.0
65515  31.0
65548  33.0
65582  34.0
65615  35.0
65651  35.0
65683  35.0
65716  35.0
65748  35.0
65782  35.0
65815  35.0
65850  34.0
65883  33.0
65916  31.0
65950  28.0
65982  26.0
66015  22.0
66049  19.0
66083  15.0
66117  11.0
66157  7.0
66182  4.0
66216  -1.0
66249  -3.0
66282  -6.0
66315  -8.0
66347  -11.0
66381  -14.0
66414  -17.0
66448  -19.0
66482  -21.0
66514  -22.0
66550  -23.0
66583  -24.0
66616  -25.0
66649  -25.0
66681  -25.0
66715  -25.0
66750  -25.0
66783  -25.0
66817  -25.0
66853  -24.0
66886  -22.0
66917  -20.0
66951  -17.0
66982  -14.0
67015  -9.0
67048  -6.0
67083  -4.0
67116  -1.0
67151  2.0
67186  6.0
67214  9.0
67248  12.0
67281  16.0
67316  20.0
67350  23.0
67383  25.0
67415  27.0
67448  29.0
67481  31.0
67515  33.0
67549  34.0
67584  34.0
67617  35.0
67651  35.0
67685  35.0
67717  35.0
67750  35.0
67782  35.0
67815  35.0
67849  34.0
67884  31.0
67917  29.0
67951  26.0
67982  24.0
68015  20.0
68048  16.0
68083  12.0
68117  8.0
68156  3.0
68183  0.0
68215  -3.0
68249  -5.0
68281  -7.0
68315  -9.0
68350  -12.0
68383  -16.0
68417  -18.0
68448  -19.0
68482  -20.0
68515  -21.0
68550  -22.0
68583  -23.0
68616  -23.0
68651  -23.0
68682  -23.0
68715  -23.0
68748  -23.0
68783  -23.0
68817  -22.0
68851  -20.0
68883  -18.0
68917  -15.0
68951  -11.0
68982  -7.0
69015  -5.0
69049  -3.0
69082  0.0
69117  4.0
69151  7.0
69184  10.0
69215  14.0
69248  17.0
69282  21.0
69315  24.0
69350  26.0
69384  28.0
69418  29.0
69449  31.0
69482  32.0
69515  33.0
69550  34.0
69583  34.0
69617  35.0
69651  35.0
69684  35.0
69717  35.0
69750  35.0
69782  35.0
69816  33.0
69848  31.0
69884  29.0
69918  26.0
69951  23.0
69984  20.0
70015  16.0
70049  13.0
70082  10.0
70117  5.0
70153  1.0
70183  -1.0
70216  -3.0
70248  -5.0
70282  -8.0
70315  -10.0
70350  -14.0
70384  -15.0
70417  -16.0
70449  -18.0
70482  -18.0
70515  -19.0
70549  -20.0
70584  -20.0
70617  -20.0
70651  -20.0
70682  -20.0
70715  -20.0
70748  -20.0
70783  -20.0
70817  -18.0
70850  -16.0
70883  -13.0
70915  -9.0
70949  -5.0
70982  -3.0
71016  -1.0
71050  3.0
71084  6.0
71115  9.0
71149  12.0
71182  15.0
71215  18.0
71250  22.0
71283  25.0
71317  26.0
71349  28.0
71382  30.0
71415  31.0
71450  32.0
71484  33.0
71517  34.0
71550  34.0
71582  34.0
71615  34.0
71648  34.0
71682  34.0
71717  34.0
71750  33.0
71782  31.0
71815  30.0
71849  28.0
71882  25.0
71918  22.0
71950  18.0
71986  14.0
72015  12.0
72049  8.0
72082  4.0
72115  0.0
72150  -1.0
72183  -4.0
72216  -6.0
72249  -8.0
72282  -11.0
72315  -14.0
72351  -15.0
72385  -16.0
72419  -18.0
72450  -18.0
72482  -18.0
72515  -19.0
72549  -19.0
72584  -19.0
72617  -19.0
72650  -19.0
72682  -19.0
72715  -19.0
72749  -19.0
72782  -17.0
72817  -14.0
72850  -11.0
72883  -7.0
72916  -5.0
72949  -3.0
72982  0.0
73016  3.0
73051  6.0
73084  9.0
73118  13.0
73149  15.0
73182  18.0
73216  21.0
73251  24.0
73283  26.0
73317  28.0
73350  29.0
73383  30.0
73415  31.0
73449  32.0
73484  32.0
73517  32.0
73551  32.0
73584  32.0
73617  32.0
73650  32.0
73684  32.0
73716  31.0
73749  30.0
73782  28.0
73817  26.0
73851  23.0
73884  20.0
73916  16.0
73949  13.0
73982  11.0
74015  6.0
74050  2.0
74083  0.0
74117  -2.0
74149  -4.0
74183  -6.0
74215  -8.0
74250  -12.0
74283  -14.0
74318  -15.0
74351  -16.0
74382  -17.0
74416  -18.0
74449  -18.0
74483  -18.0
74517  -18.0
74551  -18.0
74584  -18.0
74617  -18.0
74651  -18.0
74684  -18.0
74716  -17.0
74749  -14.0
74784  -12.0
74817  -8.0
74851  -5.0
74886  -3.0
74916  -1.0
74948  2.0
74984  5.0
75016  8.0
75050  11.0
75083  14.0
75117  16.0
75150  19.0
75184  22.0
75217  24.0
75251  26.0
75282  27.0
75316  28.0
75349  29.0
75384  30.0
75418  31.0
75450  31.0
75483  31.0
75516  31.0
75549  31.0
75582  31.0
75618  31.0
75651  31.0
75684  30.0
75715  29.0
75749  27.0
75782  25.0
75816  22.0
75850  17.0
75884  14.0
75918  13.0
75949  8.0
75982  4.0
76015  1.0
76049  -1.0
76082  -3.0
76115  -5.0
76150  -7.0
76184  -9.0
76217  -12.0
76250  -14.0
76282  -15.0
76315  -16.0
76349  -17.0
76383  -17.0
76419  -17.0
76451  -18.0
76484  -18.0
76516  -18.0
76548  -18.0
76582  -18.0
76617  -18.0
76650  -18.0
76684  -16.0
76715  -14.0
76749  -10.0
76782  -7.0
76816  -5.0
76851  -3.0
76886  -1.0
76918  1.0
76949  5.0
76982  8.0
77016  11.0
77051  13.0
77084  16.0
77118  18.0
77150  21.0
77182  23.0
77216  24.0
77249  25.0
77283  26.0
77317  27.0
77351  28.0
77383  28.0
77417  28.0
77449  28.0
77483  28.0
77517  28.0
77551  28.0
77585  28.0
77615  28.0
77649  26.0
77683  25.0
