13346.0 0 0.047522128
13679.0 1 0.015117184
13986.0 5 0.5123276
14316.0 11 0.7632636
14619.0 19 1.1333307
14956.0 31 1.3357112
15288.0 45 1.385182
15628.0 62 1.9684166
15949.0 80 2.4933276
16251.0 100 2.077773
16555.0 121 2.8769164
16885.0 144 2.8769164
17217.0 168 2.3374946
17519.0 188 2.4933276
17822.0 209 2.1999948
18152.0 231 3.3999922
18453.0 250 3.3999922
18758.0 270 2.3374946
19070.0 289 2.1999948
19371.0 308 2.1999948
19704.0 328 2.3374946
20042.0 349 1.6260833
20374.0 368 2.1999948
20676.0 386 2.4933276
20977.0 403 2.4933276
21312.0 422 2.1999948
21645.0 441 2.3374946
21976.0 459 2.1999948
22279.0 475 1.8699957
22582.0 491 1.8699957
22919.0 508 1.7809483
23220.0 524 2.077773
23530.0 539 2.3374946
23849.0 554 1.9684166
24154.0 569 1.8699957
24455.0 584 1.8699957
24756.0 598 1.7809483
25062.0 612 1.4959966
25369.0 625 1.6999961
25700.0 640 1.4384582
26003.0 653 1.4959966
26307.0 666 1.4959966
26614.0 679 1.6260833
26947.0 692 1.4959966
27252.0 704 1.4384582
27555.0 717 1.6260833
27862.0 728 1.5583298
28196.0 741 1.7809483
28500.0 752 1.3357112
28828.0 764 1.2896522
29160.0 776 1.3357112
29462.0 786 1.2896522
29767.0 797 1.2064489
30079.0 807 1.2064489
30391.0 817 1.1333307
30692.0 827 1.1687473
30994.0 836 1.2064489
31299.0 845 1.2064489
31603.0 855 1.1333307
31937.0 864 1.0108085
32240.0 873 0.9842083
32547.0 881 1.0388865
32859.0 890 1.0108085
33164.0 898 1.0388865
33469.0 906 0.91219306
33803.0 914 0.93499786
34139.0 923 0.89047414
34469.0 930 0.83110917
34804.0 938 0.89047414
35138.0 945 0.8130416
35454.0 952 0.7479983
35761.0 959 0.84999806
36091.0 966 0.7791649
36397.0 972 0.7791649
36703.0 978 0.70565873
37007.0 984 0.70565873
37308.0 989 0.6799984
37641.0 995 0.6338968
37942.0 1001 0.692591
38280.0 1006 0.60322446
38588.0 1011 0.6233319
38892.0 1015 0.5420278
39196.0 1020 0.53428453
39529.0 1024 0.5420278
39862.0 1029 0.50540423
40173.0 1033 0.50540423
40474.0 1037 0.50540423
40781.0 1041 0.47948608
41108.0 1045 0.47948608
41409.0 1049 0.42988408
41711.0 1052 0.43488273
42024.0 1055 0.42022374
42326.0 1059 0.3816318
42634.0 1062 0.3816318
42937.0 1065 0.34953192
43241.0 1067 0.3309727
43575.0 1070 0.31166595
43876.0 1073 0.28333268
44180.0 1075 0.26906413
44513.0 1077 0.2561638
44815.0 1079 0.22666615
45147.0 1081 0.2021617
45479.0 1082 0.1908159
45783.0 1084 0.1669639
46115.0 1085 0.1598287
46423.0 1086 0.12508333
46726.0 1087 0.113677554
47030.0 1088 0.093266614
47337.0 1088 0.093266614
47642.0 1089 0.06584492

