5239.0 0 0.027931228
5540.0 1 0.011055251
5871.0 2 0.091219306
6204.0 3 0.12721059
6538.0 4 0.1545451
6874.0 6 0.19893572
7208.0 8 0.22804826
7509.0 10 0.2633797
7838.0 13 0.30161223
8139.0 16 0.35282937
8471.0 19 0.3816318
8772.0 23 0.41098806
9104.0 27 0.47948608
9406.0 31 0.50540423
9710.0 35 0.59364945
10040.0 40 0.5420278
10373.0 45 0.5753833
10678.0 50 0.6233319
11011.0 56 0.692591
11344.0 61 0.6561389
11678.0 68 0.7192291
11980.0 73 0.70565873
12281.0 79 0.6799984
12597.0 86 0.7479983
12899.0 92 0.7632636
13205.0 98 0.83110917
13519.0 105 0.8130416
13823.0 112 0.93499786
14130.0 119 0.89047414
14457.0 127 0.89047414
14796.0 135 0.83110917
15133.0 142 0.84999806
15460.0 149 0.8130416
15763.0 156 0.79574287
16073.0 162 0.70565873
16406.0 168 0.70565873
16711.0 174 0.7192291
17040.0 180 0.6561389
17372.0 186 0.6561389
17673.0 191 0.61311334
18009.0 196 0.60322446
18313.0 201 0.61311334
18614.0 206 0.5420278
18947.0 211 0.5753833
19281.0 216 0.5420278
19585.0 220 0.50540423
19891.0 225 0.48571315
20193.0 228 0.5123276
20527.0 233 0.45609653
20831.0 236 0.45060137
21142.0 240 0.41555458
21444.0 243 0.37777692
21745.0 246 0.33693615
22078.0 249 0.34953192
22380.0 252 0.32521665
22714.0 255 0.30161223
23027.0 257 0.29682472
23333.0 259 0.27499935
23641.0 262 0.25972164
23967.0 264 0.24768154
24272.0 266 0.26153785
24586.0 268 0.22666615
24888.0 269 0.22395158
25220.0 271 0.2137138
25554.0 273 0.19479123
25856.0 275 0.18243861
26157.0 276 0.18155298
26462.0 277 0.17234983
26797.0 279 0.15714249
27102.0 280 0.15265271
27404.0 281 0.1385182
27706.0 282 0.13031329
28008.0 283 0.11724111
28310.0 284 0.105055936
28617.0 284 0.105055936
28919.0 285 0.088415876
29220.0 286 0.07479983
29531.0 286 0.07479983
29865.0 287 0.060615744
30183.0 287 0.060615744
30484.0 287 0.060615744
30818.0 287 0.060615744
31149.0 287 0.060615744


