11972.0 1 0.007798148
12273.0 1 0.007798148
12603.0 4 0.40214962
12937.0 10 0.7632636
13240.0 17 1.1687473
13570.0 28 1.385182
13903.0 41 1.6999961
14204.0 56 2.3374946
14537.0 74 2.077773
14844.0 93 2.3374946
15177.0 116 2.8769164
15510.0 140 2.3374946
15843.0 163 2.3374946
16144.0 184 2.4933276
16484.0 207 3.1166596
16810.0 229 3.1166596
17150.0 252 3.3999922
17484.0 274 2.1999948
17811.0 295 2.1999948
18144.0 316 2.1999948
18445.0 335 2.3374946
18749.0 353 2.3374946
19079.0 373 2.4933276
19387.0 391 2.3374946
19713.0 411 2.3374946
20053.0 430 2.1999948
20386.0 449 1.8699957
20717.0 468 1.6999961
21024.0 485 1.7809483
21349.0 502 1.9684166
21655.0 518 1.6999961
21958.0 535 2.1999948
22273.0 551 1.7809483
22607.0 568 1.4959966
22939.0 585 1.6999961
23271.0 601 2.077773
23602.0 617 1.9684166
23908.0 631 1.6999961
24209.0 646 1.8699957
24547.0 661 1.9684166
24860.0 675 1.9684166
25191.0 690 1.4959966
25492.0 703 1.8699957
25810.0 717 1.7809483
26143.0 731 1.4959966
26445.0 744 1.5583298
26776.0 757 1.4959966
27112.0 771 1.9684166
27445.0 784 1.5583298
27778.0 797 1.7809483
28081.0 808 1.2466638
28384.0 819 1.5583298
28687.0 830 1.2896522
29020.0 842 1.2896522
29358.0 854 1.2896522
29696.0 866 1.2466638
30006.0 876 1.2896522
30346.0 887 1.3357112
30649.0 897 1.3357112
30995.0 908 1.1333307
31314.0 918 1.2896522
31615.0 927 1.1687473
31950.0 937 1.0999974
32255.0 946 1.0388865
32557.0 954 1.1687473
32889.0 963 1.0108085
33193.0 972 1.0108085
33525.0 980 1.0108085
33858.0 989 0.91219306
34191.0 998 0.93499786
34524.0 1006 0.95897216
34859.0 1014 0.79574287
35165.0 1021 0.8130416
35467.0 1028 0.83110917
35797.0 1036 0.79574287
36102.0 1042 0.7632636
36435.0 1049 0.83110917
36742.0 1056 0.7632636
37071.0 1063 0.7333317
37378.0 1069 0.7479983
37685.0 1075 0.7192291
37994.0 1081 0.70565873
38318.0 1086 0.692591
38619.0 1092 0.6448261
38920.0 1097 0.6561389
39252.0 1102 0.5753833
39557.0 1107 0.60322446
39874.0 1112 0.53428453
40205.0 1117 0.5267594
40544.0 1122 0.53428453
40874.0 1126 0.5582077
41181.0 1131 0.5123276
41488.0 1135 0.4986655
41816.0 1139 0.44523707
42137.0 1143 0.47948608
42438.0 1147 0.45609653
42771.0 1151 0.41098806
43093.0 1154 0.40214962
43427.0 1158 0.3816318
43728.0 1161 0.36666584
44031.0 1164 0.3399992
44363.0 1166 0.32806945
44678.0 1169 0.30655667
45011.0 1172 0.27499935
45345.0 1174 0.26906413
45679.0 1176 0.24605207
45992.0 1178 0.22944732
46293.0 1180 0.21871294

